Id,Solution
1,1
2,0
3,0
4,0
5,0
6,0
7,0
8,1
9,0
10,0
11,1
12,1
13,1
14,0
15,0
16,1
17,0
18,1
19,1
20,1
21,0
22,1
23,1
24,0
25,1
26,1
27,1
28,0
29,1
30,0
31,0
32,1
33,1
34,1
35,0
36,0
37,0
38,0
39,0
40,1
41,1
42,0
43,0
44,0
45,0
46,0
47,1
48,0
49,1
50,0
51,1
52,1
53,0
54,0
55,1
56,0
57,1
58,1
59,1
60,1
61,0
62,0
63,1
64,1
65,1
66,1
67,0
68,1
69,1
70,1
71,1
72,1
73,1
74,1
75,0
76,0
77,1
78,1
79,1
80,0
81,0
82,0
83,0
84,1
85,0
86,1
87,1
88,0
89,0
90,0
91,1
92,1
93,0
94,1
95,1
96,1
97,0
98,0
99,1
100,1
101,0
102,0
103,1
104,1
105,0
106,1
107,1
108,0
109,1
110,0
111,0
112,1
113,1
114,1
115,0
116,1
117,0
118,0
119,1
120,1
121,0
122,1
123,0
124,1
125,0
126,1
127,1
128,0
129,0
130,0
131,0
132,1
133,1
134,1
135,0
136,0
137,0
138,1
139,0
140,0
141,0
142,1
143,1
144,1
145,0
146,1
147,0
148,1
149,1
150,1
151,0
152,0
153,1
154,0
155,0
156,1
157,1
158,0
159,0
160,1
161,1
162,1
163,1
164,1
165,0
166,1
167,1
168,1
169,0
170,1
171,0
172,1
173,0
174,1
175,1
176,1
177,0
178,1
179,1
180,1
181,0
182,0
183,0
184,1
185,1
186,1
187,1
188,1
189,0
190,1
191,1
192,0
193,1
194,1
195,0
196,1
197,1
198,0
199,0
200,0
201,0
202,0
203,0
204,1
205,1
206,1
207,0
208,1
209,1
210,0
211,1
212,0
213,1
214,0
215,0
216,0
217,0
218,0
219,1
220,0
221,0
222,0
223,0
224,0
225,1
226,0
227,1
228,0
229,1
230,0
231,0
232,0
233,0
234,0
235,1
236,0
237,0
238,1
239,0
240,1
241,1
242,1
243,0
244,1
245,0
246,1
247,0
248,1
249,0
250,1
251,0
252,0
253,1
254,1
255,0
256,0
257,1
258,0
259,1
260,1
261,0
262,0
263,1
264,1
265,1
266,0
267,1
268,1
269,0
270,0
271,0
272,0
273,1
274,1
275,0
276,0
277,0
278,0
279,1
280,1
281,0
282,1
283,1
284,1
285,1
286,0
287,1
288,0
289,1
290,1
291,1
292,0
293,0
294,0
295,1
296,0
297,0
298,0
299,1
300,0
301,0
302,1
303,1
304,1
305,0
306,1
307,0
308,0
309,1
310,0
311,1
312,0
313,0
314,1
315,0
316,1
317,1
318,0
319,1
320,0
321,0
322,0
323,1
324,0
325,1
326,0
327,1
328,1
329,1
330,0
331,0
332,1
333,0
334,0
335,1
336,1
337,0
338,0
339,0
340,0
341,0
342,0
343,1
344,1
345,1
346,1
347,1
348,0
349,0
350,0
351,0
352,1
353,0
354,1
355,1
356,0
357,1
358,0
359,0
360,0
361,0
362,0
363,0
364,0
365,0
366,0
367,0
368,1
369,0
370,1
371,0
372,0
373,1
374,0
375,0
376,0
377,1
378,1
379,0
380,0
381,1
382,0
383,0
384,1
385,0
386,1
387,1
388,1
389,1
390,0
391,0
392,1
393,1
394,0
395,0
396,0
397,1
398,0
399,1
400,0
401,0
402,0
403,0
404,0
405,0
406,1
407,1
408,0
409,0
410,1
411,1
412,1
413,0
414,0
415,1
416,1
417,0
418,1
419,0
420,1
421,1
422,0
423,0
424,0
425,0
426,0
427,0
428,1
429,1
430,0
431,1
432,0
433,1
434,0
435,1
436,0
437,1
438,0
439,1
440,0
441,1
442,0
443,1
444,0
445,1
446,0
447,0
448,0
449,1
450,1
451,1
452,0
453,1
454,0
455,0
456,0
457,0
458,0
459,0
460,0
461,1
462,1
463,0
464,0
465,1
466,1
467,1
468,0
469,1
470,0
471,0
472,1
473,1
474,1
475,0
476,0
477,1
478,0
479,1
480,0
481,0
482,1
483,0
484,0
485,0
486,0
487,1
488,1
489,0
490,0
491,1
492,1
493,0
494,0
495,0
496,0
497,0
498,0
499,0
500,1
501,0
502,0
503,0
504,1
505,1
506,1
507,1
508,0
509,1
510,1
511,0
512,0
513,1
514,0
515,1
516,1
517,0
518,0
519,0
520,1
521,1
522,0
523,1
524,1
525,1
526,1
527,0
528,1
529,0
530,1
531,0
532,1
533,1
534,1
535,1
536,1
537,0
538,0
539,0
540,1
541,0
542,1
543,0
544,1
545,0
546,1
547,0
548,0
549,1
550,1
551,0
552,0
553,1
554,1
555,0
556,0
557,1
558,0
559,0
560,0
561,0
562,0
563,1
564,0
565,1
566,0
567,1
568,1
569,0
570,1
571,0
572,1
573,0
574,0
575,0
576,0
577,1
578,1
579,0
580,1
581,0
582,0
583,1
584,0
585,0
586,0
587,1
588,1
589,0
590,0
591,1
592,0
593,1
594,0
595,0
596,0
597,1
598,0
599,1
600,0
601,0
602,0
603,1
604,0
605,1
606,0
607,0
608,1
609,1
610,1
611,0
612,1
613,0
614,0
615,0
616,1
617,1
618,1
619,0
620,1
621,0
622,0
623,0
624,0
625,1
626,1
627,0
628,1
629,1
630,1
631,1
632,1
633,0
634,1
635,0
636,0
637,0
638,1
639,1
640,0
641,1
642,0
643,0
644,0
645,0
646,1
647,0
648,1
649,1
650,1
651,1
652,1
653,1
654,1
655,0
656,1
657,0
658,0
659,1
660,0
661,0
662,0
663,0
664,1
665,1
666,0
667,1
668,1
669,0
670,1
671,0
672,1
673,0
674,0
675,0
676,0
677,1
678,1
679,0
680,0
681,1
682,1
683,0
684,1
685,1
686,1
687,1
688,1
689,1
690,1
691,1
692,1
693,0
694,0
695,1
696,0
697,1
698,0
699,1
700,1
701,0
702,0
703,1
704,0
705,1
706,1
707,0
708,1
709,0
710,0
711,1
712,1
713,1
714,1
715,0
716,0
717,1
718,0
719,0
720,0
721,0
722,1
723,0
724,0
725,1
726,0
727,1
728,0
729,0
730,0
731,0
732,1
733,1
734,0
735,0
736,1
737,1
738,1
739,1
740,0
741,0
742,1
743,0
744,1
745,1
746,1
747,0
748,0
749,1
750,1
751,1
752,0
753,1
754,1
755,0
756,1
757,1
758,0
759,0
760,0
761,0
762,0
763,1
764,0
765,1
766,0
767,1
768,0
769,1
770,0
771,0
772,1
773,0
774,1
775,1
776,0
777,1
778,1
779,0
780,1
781,1
782,0
783,0
784,0
785,1
786,1
787,0
788,1
789,0
790,1
791,0
792,0
793,0
794,0
795,0
796,1
797,1
798,1
799,0
800,1
801,0
802,0
803,1
804,0
805,1
806,1
807,0
808,1
809,1
810,0
811,0
812,0
813,0
814,1
815,1
816,0
817,0
818,1
819,0
820,0
821,0
822,0
823,1
824,1
825,0
826,0
827,0
828,1
829,0
830,1
831,0
832,0
833,1
834,1
835,0
836,1
837,0
838,1
839,1
840,0
841,0
842,1
843,0
844,1
845,0
846,1
847,0
848,0
849,1
850,1
851,1
852,0
853,1
854,0
855,1
856,0
857,0
858,0
859,1
860,1
861,0
862,1
863,1
864,0
865,0
866,1
867,1
868,1
869,0
870,1
871,0
872,1
873,1
874,1
875,0
876,0
877,0
878,1
879,0
880,1
881,1
882,1
883,0
884,1
885,1
886,1
887,1
888,0
889,1
890,1
891,1
892,1
893,0
894,0
895,1
896,1
897,0
898,1
899,0
900,1
901,1
902,0
903,1
904,1
905,0
906,0
907,1
908,0
909,0
910,1
911,1
912,1
913,0
914,0
915,1
916,0
917,0
918,0
919,1
920,0
921,1
922,0
923,0
924,1
925,0
926,1
927,1
928,0
929,1
930,0
931,0
932,0
933,0
934,0
935,0
936,1
937,1
938,0
939,1
940,0
941,1
942,0
943,0
944,1
945,0
946,1
947,1
948,0
949,1
950,0
951,0
952,1
953,0
954,0
955,0
956,0
957,1
958,1
959,1
960,1
961,0
962,0
963,0
964,0
965,0
966,0
967,0
968,0
969,1
970,0
971,1
972,0
973,1
974,0
975,0
976,1
977,0
978,1
979,0
980,1
981,1
982,1
983,1
984,0
985,0
986,0
987,1
988,0
989,1
990,0
991,0
992,1
993,1
994,0
995,0
996,0
997,0
998,1
999,1
1000,0
1001,0
1002,0
1003,0
1004,1
1005,1
1006,1
1007,1
1008,1
1009,1
1010,0
1011,0
1012,0
1013,0
1014,1
1015,1
1016,0
1017,0
1018,0
1019,0
1020,1
1021,1
1022,1
1023,1
1024,1
1025,1
1026,0
1027,0
1028,1
1029,1
1030,0
1031,0
1032,0
1033,0
1034,0
1035,1
1036,1
1037,1
1038,0
1039,1
1040,0
1041,0
1042,0
1043,0
1044,0
1045,0
1046,0
1047,0
1048,1
1049,0
1050,0
1051,1
1052,0
1053,0
1054,1
1055,1
1056,1
1057,0
1058,0
1059,0
1060,0
1061,0
1062,0
1063,1
1064,0
1065,1
1066,0
1067,1
1068,0
1069,0
1070,1
1071,0
1072,1
1073,0
1074,1
1075,1
1076,1
1077,1
1078,1
1079,0
1080,1
1081,0
1082,1
1083,1
1084,1
1085,0
1086,1
1087,1
1088,0
1089,0
1090,1
1091,1
1092,0
1093,1
1094,0
1095,1
1096,1
1097,1
1098,0
1099,1
1100,1
1101,1
1102,0
1103,0
1104,0
1105,0
1106,1
1107,1
1108,1
1109,1
1110,0
1111,1
1112,1
1113,1
1114,0
1115,1
1116,1
1117,0
1118,0
1119,0
1120,0
1121,1
1122,1
1123,0
1124,1
1125,0
1126,0
1127,1
1128,1
1129,0
1130,1
1131,1
1132,0
1133,0
1134,1
1135,0
1136,1
1137,1
1138,0
1139,0
1140,1
1141,0
1142,0
1143,0
1144,0
1145,0
1146,1
1147,1
1148,1
1149,0
1150,0
1151,0
1152,1
1153,0
1154,0
1155,0
1156,1
1157,1
1158,1
1159,0
1160,0
1161,0
1162,0
1163,0
1164,1
1165,0
1166,0
1167,1
1168,0
1169,1
1170,0
1171,1
1172,1
1173,1
1174,0
1175,1
1176,1
1177,0
1178,1
1179,1
1180,0
1181,1
1182,1
1183,0
1184,0
1185,1
1186,1
1187,0
1188,0
1189,0
1190,1
1191,0
1192,1
1193,1
1194,0
1195,1
1196,1
1197,0
1198,0
1199,1
1200,1
1201,0
1202,0
1203,1
1204,0
1205,0
1206,0
1207,0
1208,0
1209,1
1210,0
1211,0
1212,1
1213,1
1214,1
1215,1
1216,1
1217,0
1218,1
1219,1
1220,0
1221,1
1222,0
1223,0
1224,0
1225,0
1226,1
1227,0
1228,0
1229,0
1230,0
1231,0
1232,0
1233,0
1234,0
1235,0
1236,0
1237,0
1238,1
1239,1
1240,1
1241,0
1242,0
1243,1
1244,1
1245,0
1246,1
1247,1
1248,1
1249,0
1250,1
1251,1
1252,0
1253,1
1254,0
1255,0
1256,1
1257,1
1258,0
1259,0
1260,0
1261,0
1262,1
1263,1
1264,0
1265,0
1266,0
1267,0
1268,1
1269,0
1270,0
1271,0
1272,0
1273,1
1274,1
1275,1
1276,1
1277,1
1278,0
1279,0
1280,1
1281,1
1282,1
1283,1
1284,0
1285,1
1286,0
1287,0
1288,0
1289,0
1290,1
1291,0
1292,0
1293,1
1294,1
1295,1
1296,1
1297,0
1298,1
1299,1
1300,0
1301,0
1302,1
1303,0
1304,1
1305,0
1306,1
1307,0
1308,0
1309,0
1310,1
1311,1
1312,1
1313,1
1314,1
1315,0
1316,0
1317,0
1318,0
1319,1
1320,0
1321,0
1322,1
1323,0
1324,1
1325,1
1326,1
1327,1
1328,1
1329,0
1330,0
1331,0
1332,0
1333,0
1334,0
1335,1
1336,1
1337,0
1338,1
1339,1
1340,0
1341,0
1342,1
1343,0
1344,0
1345,1
1346,1
1347,0
1348,0
1349,0
1350,1
1351,1
1352,0
1353,1
1354,0
1355,0
1356,0
1357,1
1358,1
1359,1
1360,1
1361,0
1362,1
1363,0
1364,0
1365,1
1366,1
1367,1
1368,1
1369,1
1370,0
1371,0
1372,0
1373,1
1374,1
1375,1
1376,1
1377,1
1378,0
1379,1
1380,0
1381,1
1382,0
1383,1
1384,1
1385,1
1386,0
1387,1
1388,1
1389,1
1390,0
1391,0
1392,1
1393,1
1394,1
1395,1
1396,1
1397,1
1398,1
1399,1
1400,0
1401,1
1402,1
1403,0
1404,1
1405,0
1406,1
1407,0
1408,1
1409,0
1410,0
1411,1
1412,0
1413,1
1414,0
1415,0
1416,1
1417,0
1418,1
1419,0
1420,0
1421,1
1422,1
1423,1
1424,0
1425,0
1426,0
1427,0
1428,0
1429,1
1430,1
1431,1
1432,0
1433,0
1434,0
1435,0
1436,0
1437,0
1438,0
1439,0
1440,1
1441,1
1442,1
1443,1
1444,1
1445,1
1446,0
1447,0
1448,0
1449,1
1450,0
1451,0
1452,0
1453,1
1454,0
1455,0
1456,1
1457,0
1458,1
1459,0
1460,0
1461,0
1462,1
1463,1
1464,1
1465,1
1466,1
1467,0
1468,0
1469,0
1470,1
1471,0
1472,0
1473,0
1474,0
1475,0
1476,0
1477,0
1478,0
1479,1
1480,1
1481,0
1482,0
1483,0
1484,0
1485,0
1486,1
1487,1
1488,0
1489,1
1490,1
1491,0
1492,1
1493,0
1494,0
1495,0
1496,0
1497,1
1498,0
1499,1
1500,1
1501,1
1502,0
1503,1
1504,1
1505,1
1506,1
1507,1
1508,0
1509,0
1510,0
1511,0
1512,0
1513,0
1514,1
1515,1
1516,0
1517,1
1518,1
1519,0
1520,1
1521,1
1522,1
1523,0
1524,0
1525,1
1526,0
1527,0
1528,1
1529,1
1530,0
1531,1
1532,1
1533,0
1534,1
1535,1
1536,1
1537,1
1538,0
1539,0
1540,1
1541,0
1542,0
1543,1
1544,1
1545,1
1546,0
1547,1
1548,0
1549,1
1550,1
1551,1
1552,0
1553,1
1554,1
1555,0
1556,1
1557,1
1558,1
1559,0
1560,1
1561,0
1562,1
1563,0
1564,0
1565,0
1566,1
1567,1
1568,1
1569,1
1570,0
1571,1
1572,1
1573,1
1574,1
1575,0
1576,1
1577,1
1578,0
1579,1
1580,1
1581,1
1582,0
1583,0
1584,0
1585,1
1586,1
1587,1
1588,0
1589,0
1590,0
1591,0
1592,1
1593,1
1594,1
1595,1
1596,0
1597,1
1598,0
1599,1
1600,1
1601,1
1602,1
1603,1
1604,0
1605,0
1606,0
1607,1
1608,1
1609,0
1610,0
1611,0
1612,0
1613,1
1614,1
1615,0
1616,0
1617,0
1618,0
1619,1
1620,1
1621,0
1622,0
1623,1
1624,1
1625,1
1626,0
1627,0
1628,0
1629,0
1630,0
1631,1
1632,0
1633,1
1634,1
1635,0
1636,0
1637,1
1638,1
1639,1
1640,1
1641,0
1642,1
1643,1
1644,0
1645,1
1646,1
1647,1
1648,1
1649,0
1650,0
1651,1
1652,1
1653,0
1654,0
1655,1
1656,0
1657,1
1658,0
1659,0
1660,1
1661,0
1662,1
1663,1
1664,0
1665,0
1666,0
1667,1
1668,1
1669,1
1670,0
1671,0
1672,1
1673,1
1674,1
1675,1
1676,0
1677,1
1678,1
1679,0
1680,1
1681,1
1682,0
1683,0
1684,1
1685,1
1686,0
1687,1
1688,1
1689,1
1690,0
1691,0
1692,1
1693,1
1694,0
1695,1
1696,1
1697,0
1698,1
1699,0
1700,0
1701,0
1702,1
1703,0
1704,0
1705,1
1706,1
1707,1
1708,0
1709,0
1710,1
1711,1
1712,0
1713,0
1714,1
1715,0
1716,0
1717,0
1718,0
1719,1
1720,0
1721,1
1722,0
1723,0
1724,0
1725,0
1726,1
1727,0
1728,1
1729,0
1730,0
1731,0
1732,1
1733,1
1734,1
1735,1
1736,1
1737,0
1738,1
1739,0
1740,0
1741,0
1742,0
1743,0
1744,1
1745,1
1746,1
1747,1
1748,1
1749,0
1750,1
1751,0
1752,1
1753,1
1754,0
1755,1
1756,0
1757,1
1758,0
1759,1
1760,1
1761,1
1762,0
1763,0
1764,0
1765,1
1766,1
1767,1
1768,0
1769,0
1770,0
1771,1
1772,0
1773,1
1774,1
1775,0
1776,1
1777,1
1778,0
1779,1
1780,1
1781,1
1782,1
1783,1
1784,1
1785,0
1786,0
1787,1
1788,0
1789,1
1790,0
1791,1
1792,1
1793,1
1794,1
1795,1
1796,1
1797,0
1798,0
1799,0
1800,0
1801,0
1802,0
1803,0
1804,1
1805,0
1806,0
1807,1
1808,1
1809,1
1810,1
1811,0
1812,0
1813,0
1814,1
1815,1
1816,0
1817,0
1818,1
1819,1
1820,0
1821,1
1822,1
1823,0
1824,0
1825,1
1826,0
1827,0
1828,1
1829,1
1830,1
1831,1
1832,0
1833,1
1834,0
1835,1
1836,0
1837,0
1838,1
1839,1
1840,0
1841,1
1842,1
1843,0
1844,0
1845,0
1846,1
1847,0
1848,0
1849,1
1850,0
1851,0
1852,1
1853,0
1854,0
1855,0
1856,0
1857,0
1858,1
1859,0
1860,0
1861,1
1862,0
1863,0
1864,0
1865,1
1866,1
1867,1
1868,1
1869,0
1870,1
1871,1
1872,1
1873,0
1874,0
1875,0
1876,0
1877,0
1878,0
1879,0
1880,1
1881,0
1882,1
1883,1
1884,0
1885,1
1886,0
1887,0
1888,0
1889,0
1890,1
1891,1
1892,1
1893,0
1894,1
1895,1
1896,1
1897,1
1898,1
1899,0
1900,1
1901,1
1902,0
1903,1
1904,1
1905,1
1906,0
1907,1
1908,0
1909,0
1910,0
1911,1
1912,0
1913,0
1914,1
1915,1
1916,0
1917,0
1918,1
1919,0
1920,1
1921,1
1922,0
1923,0
1924,0
1925,0
1926,0
1927,0
1928,0
1929,0
1930,0
1931,0
1932,0
1933,0
1934,0
1935,0
1936,1
1937,0
1938,1
1939,0
1940,1
1941,1
1942,0
1943,1
1944,0
1945,1
1946,0
1947,0
1948,1
1949,0
1950,1
1951,0
1952,1
1953,1
1954,0
1955,0
1956,0
1957,1
1958,1
1959,0
1960,1
1961,1
1962,1
1963,1
1964,0
1965,0
1966,1
1967,0
1968,1
1969,0
1970,0
1971,0
1972,0
1973,1
1974,0
1975,0
1976,0
1977,0
1978,0
1979,0
1980,0
1981,0
1982,1
1983,0
1984,1
1985,1
1986,1
1987,1
1988,0
1989,1
1990,0
1991,0
1992,1
1993,1
1994,0
1995,0
1996,1
1997,0
1998,0
1999,1
2000,0
2001,0
2002,1
2003,1
2004,1
2005,0
2006,1
2007,1
2008,1
2009,0
2010,1
2011,1
2012,0
2013,0
2014,1
2015,0
2016,1
2017,1
2018,0
2019,1
2020,0
2021,0
2022,1
2023,1
2024,0
2025,0
2026,1
2027,1
2028,1
2029,1
2030,1
2031,0
2032,1
2033,1
2034,1
2035,1
2036,1
2037,1
2038,1
2039,1
2040,0
2041,1
2042,0
2043,0
2044,0
2045,0
2046,1
2047,1
2048,1
2049,1
2050,1
2051,1
2052,0
2053,1
2054,1
2055,0
2056,1
2057,1
2058,0
2059,0
2060,0
2061,1
2062,0
2063,0
2064,1
2065,1
2066,1
2067,0
2068,1
2069,0
2070,0
2071,0
2072,0
2073,0
2074,1
2075,0
2076,0
2077,0
2078,1
2079,0
2080,0
2081,1
2082,1
2083,0
2084,1
2085,0
2086,0
2087,1
2088,1
2089,1
2090,1
2091,0
2092,0
2093,1
2094,1
2095,0
2096,1
2097,1
2098,0
2099,1
2100,1
2101,1
2102,1
2103,1
2104,0
2105,0
2106,0
2107,1
2108,1
2109,1
2110,0
2111,1
2112,0
2113,1
2114,1
2115,1
2116,0
2117,1
2118,0
2119,1
2120,0
2121,1
2122,0
2123,1
2124,0
2125,0
2126,1
2127,1
2128,0
2129,1
2130,1
2131,1
2132,1
2133,0
2134,0
2135,1
2136,0
2137,0
2138,1
2139,0
2140,0
2141,0
2142,1
2143,1
2144,0
2145,0
2146,1
2147,0
2148,0
2149,1
2150,1
2151,0
2152,0
2153,0
2154,0
2155,1
2156,1
2157,0
2158,1
2159,1
2160,0
2161,0
2162,1
2163,1
2164,1
2165,0
2166,0
2167,1
2168,0
2169,1
2170,0
2171,1
2172,1
2173,0
2174,0
2175,0
2176,1
2177,1
2178,1
2179,0
2180,0
2181,0
2182,0
2183,0
2184,1
2185,0
2186,0
2187,1
2188,1
2189,0
2190,0
2191,1
2192,0
2193,1
2194,1
2195,1
2196,0
2197,0
2198,1
2199,1
2200,0
2201,0
2202,1
2203,1
2204,1
2205,0
2206,0
2207,0
2208,0
2209,1
2210,0
2211,0
2212,1
2213,0
2214,0
2215,1
2216,1
2217,0
2218,0
2219,0
2220,1
2221,1
2222,0
2223,1
2224,1
2225,0
2226,0
2227,0
2228,1
2229,1
2230,1
2231,0
2232,0
2233,1
2234,0
2235,0
2236,0
2237,0
2238,1
2239,0
2240,0
2241,1
2242,1
2243,0
2244,1
2245,1
2246,0
2247,0
2248,0
2249,0
2250,0
2251,1
2252,1
2253,0
2254,1
2255,1
2256,1
2257,0
2258,1
2259,0
2260,0
2261,1
2262,0
2263,1
2264,1
2265,0
2266,1
2267,0
2268,0
2269,0
2270,0
2271,0
2272,0
2273,0
2274,1
2275,0
2276,0
2277,0
2278,1
2279,0
2280,0
2281,0
2282,1
2283,0
2284,0
2285,0
2286,1
2287,0
2288,0
2289,1
2290,0
2291,0
2292,0
2293,0
2294,0
2295,1
2296,0
2297,1
2298,1
2299,1
2300,0
2301,0
2302,0
2303,1
2304,0
2305,1
2306,1
2307,1
2308,0
2309,0
2310,1
2311,0
2312,1
2313,1
2314,0
2315,0
2316,0
2317,1
2318,0
2319,1
2320,0
2321,0
2322,1
2323,0
2324,0
2325,0
2326,0
2327,0
2328,0
2329,1
2330,1
2331,0
2332,1
2333,0
2334,0
2335,0
2336,1
2337,1
2338,0
2339,0
2340,0
2341,1
2342,0
2343,1
2344,0
2345,1
2346,1
2347,0
2348,0
2349,0
2350,0
2351,1
2352,1
2353,1
2354,0
2355,1
2356,1
2357,1
2358,0
2359,1
2360,1
2361,1
2362,1
2363,1
2364,1
2365,0
2366,0
2367,0
2368,0
2369,0
2370,0
2371,1
2372,0
2373,1
2374,0
2375,1
2376,1
2377,1
2378,1
2379,1
2380,0
2381,1
2382,1
2383,1
2384,0
2385,0
2386,1
2387,0
2388,0
2389,1
2390,1
2391,0
2392,0
2393,0
2394,0
2395,0
2396,1
2397,1
2398,0
2399,0
2400,1
2401,1
2402,1
2403,0
2404,0
2405,1
2406,0
2407,0
2408,1
2409,0
2410,1
2411,0
2412,1
2413,0
2414,0
2415,1
2416,1
2417,0
2418,1
2419,0
2420,0
2421,1
2422,1
2423,0
2424,0
2425,1
2426,1
2427,1
2428,0
2429,1
2430,1
2431,1
2432,1
2433,1
2434,1
2435,0
2436,0
2437,0
2438,0
2439,1
2440,1
2441,1
2442,1
2443,1
2444,1
2445,0
2446,1
2447,1
2448,0
2449,1
2450,1
2451,1
2452,1
2453,1
2454,1
2455,0
2456,1
2457,0
2458,1
2459,1
2460,1
2461,1
2462,0
2463,0
2464,1
2465,0
2466,1
2467,0
2468,1
2469,1
2470,0
2471,1
2472,0
2473,1
2474,0
2475,0
2476,0
2477,0
2478,1
2479,0
2480,0
2481,0
2482,0
2483,0
2484,0
2485,0
2486,1
2487,0
2488,1
2489,1
2490,1
2491,1
2492,1
2493,0
2494,1
2495,0
2496,0
2497,1
2498,1
2499,0
2500,1
2501,0
2502,1
2503,1
2504,0
2505,1
2506,0
2507,0
2508,1
2509,0
2510,0
2511,0
2512,1
2513,0
2514,0
2515,0
2516,1
2517,1
2518,1
2519,0
2520,1
2521,0
2522,1
2523,1
2524,0
2525,1
2526,1
2527,0
2528,1
2529,0
2530,0
2531,0
2532,1
2533,1
2534,0
2535,0
2536,0
2537,1
2538,0
2539,1
2540,0
2541,1
2542,0
2543,1
2544,0
2545,0
2546,1
2547,0
2548,0
2549,1
2550,0
2551,1
2552,1
2553,1
2554,0
2555,1
2556,0
2557,0
2558,1
2559,0
2560,1
2561,0
2562,0
2563,1
2564,1
2565,0
2566,0
2567,0
2568,0
2569,1
2570,0
2571,0
2572,1
2573,0
2574,1
2575,1
2576,0
2577,1
2578,0
2579,1
2580,1
2581,1
2582,0
2583,1
2584,0
2585,0
2586,1
2587,1
2588,1
2589,0
2590,1
2591,0
2592,0
2593,0
2594,0
2595,1
2596,1
2597,0
2598,0
2599,1
2600,1
2601,1
2602,1
2603,1
2604,0
2605,0
2606,1
2607,0
2608,1
2609,1
2610,1
2611,0
2612,0
2613,1
2614,1
2615,1
2616,0
2617,1
2618,0
2619,0
2620,1
2621,1
2622,1
2623,0
2624,1
2625,1
2626,0
2627,1
2628,0
2629,1
2630,1
2631,1
2632,0
2633,1
2634,1
2635,0
2636,0
2637,0
2638,1
2639,0
2640,1
2641,0
2642,0
2643,1
2644,0
2645,1
2646,1
2647,0
2648,1
2649,1
2650,1
2651,1
2652,0
2653,1
2654,1
2655,0
2656,1
2657,1
2658,1
2659,0
2660,0
2661,1
2662,1
2663,1
2664,0
2665,0
2666,1
2667,0
2668,1
2669,1
2670,0
2671,0
2672,1
2673,0
2674,1
2675,0
2676,0
2677,1
2678,0
2679,0
2680,1
2681,1
2682,1
2683,1
2684,1
2685,0
2686,0
2687,1
2688,1
2689,0
2690,1
2691,1
2692,0
2693,1
2694,1
2695,1
2696,1
2697,0
2698,0
2699,0
2700,0
2701,0
2702,0
2703,0
2704,1
2705,0
2706,0
2707,0
2708,1
2709,0
2710,1
2711,1
2712,0
2713,1
2714,0
2715,0
2716,0
2717,1
2718,0
2719,0
2720,0
2721,0
2722,1
2723,1
2724,1
2725,1
2726,1
2727,1
2728,0
2729,0
2730,1
2731,1
2732,1
2733,1
2734,1
2735,0
2736,0
2737,1
2738,0
2739,0
2740,1
2741,1
2742,0
2743,0
2744,0
2745,0
2746,1
2747,1
2748,1
2749,1
2750,0
2751,0
2752,0
2753,0
2754,1
2755,1
2756,0
2757,1
2758,0
2759,0
2760,0
2761,1
2762,0
2763,1
2764,0
2765,0
2766,1
2767,0
2768,0
2769,0
2770,0
2771,1
2772,1
2773,0
2774,0
2775,1
2776,0
2777,1
2778,1
2779,1
2780,1
2781,0
2782,0
2783,0
2784,1
2785,0
2786,1
2787,0
2788,1
2789,1
2790,0
2791,1
2792,0
2793,1
2794,0
2795,0
2796,1
2797,1
2798,1
2799,0
2800,0
2801,1
2802,0
2803,0
2804,0
2805,0
2806,1
2807,1
2808,1
2809,1
2810,1
2811,1
2812,0
2813,0
2814,0
2815,1
2816,0
2817,0
2818,0
2819,1
2820,0
2821,1
2822,1
2823,1
2824,1
2825,1
2826,1
2827,0
2828,0
2829,0
2830,0
2831,1
2832,0
2833,1
2834,1
2835,0
2836,1
2837,1
2838,0
2839,0
2840,1
2841,1
2842,0
2843,0
2844,1
2845,1
2846,0
2847,1
2848,0
2849,0
2850,1
2851,0
2852,1
2853,1
2854,0
2855,1
2856,0
2857,0
2858,1
2859,0
2860,1
2861,1
2862,1
2863,1
2864,0
2865,1
2866,1
2867,0
2868,1
2869,0
2870,0
2871,0
2872,1
2873,1
2874,1
2875,1
2876,0
2877,0
2878,0
2879,1
2880,0
2881,1
2882,1
2883,0
2884,0
2885,0
2886,0
2887,1
2888,1
2889,1
2890,1
2891,1
2892,0
2893,1
2894,0
2895,1
2896,1
2897,1
2898,0
2899,1
2900,0
2901,1
2902,0
2903,0
2904,0
2905,0
2906,1
2907,0
2908,0
2909,1
2910,1
2911,1
2912,0
2913,1
2914,0
2915,0
2916,0
2917,0
2918,0
2919,0
2920,1
2921,0
2922,1
2923,1
2924,1
2925,0
2926,0
2927,1
2928,0
2929,0
2930,0
2931,0
2932,0
2933,1
2934,1
2935,1
2936,0
2937,1
2938,0
2939,0
2940,1
2941,1
2942,0
2943,0
2944,1
2945,0
2946,0
2947,0
2948,0
2949,1
2950,0
2951,0
2952,1
2953,1
2954,0
2955,0
2956,1
2957,0
2958,0
2959,1
2960,1
2961,1
2962,0
2963,0
2964,1
2965,0
2966,0
2967,1
2968,1
2969,0
2970,0
2971,0
2972,1
2973,1
2974,0
2975,0
2976,0
2977,1
2978,0
2979,1
2980,1
2981,1
2982,0
2983,0
2984,1
2985,0
2986,0
2987,0
2988,1
2989,1
2990,1
2991,1
2992,1
2993,0
2994,0
2995,1
2996,1
2997,0
2998,1
2999,0
3000,1
3001,0
3002,0
3003,1
3004,0
3005,0
3006,0
3007,0
3008,1
3009,0
3010,1
3011,1
3012,0
3013,1
3014,0
3015,1
3016,1
3017,1
3018,0
3019,1
3020,1
3021,0
3022,1
3023,0
3024,0
3025,0
3026,1
3027,1
3028,0
3029,0
3030,0
3031,1
3032,1
3033,1
3034,0
3035,0
3036,1
3037,0
3038,1
3039,1
3040,0
3041,0
3042,1
3043,0
3044,1
3045,1
3046,1
3047,0
3048,0
3049,1
3050,0
3051,0
3052,1
3053,0
3054,0
3055,0
3056,0
3057,0
3058,1
3059,1
3060,0
3061,1
3062,0
3063,0
3064,0
3065,0
3066,0
3067,1
3068,1
3069,0
3070,1
3071,0
3072,0
3073,0
3074,0
3075,1
3076,0
3077,1
3078,1
3079,0
3080,0
3081,0
3082,0
3083,0
3084,1
3085,1
3086,1
3087,0
3088,0
3089,0
3090,0
3091,1
3092,0
3093,1
3094,1
3095,1
3096,1
3097,1
3098,0
3099,1
3100,0
3101,0
3102,0
3103,1
3104,1
3105,1
3106,1
3107,0
3108,1
3109,0
3110,1
3111,1
3112,1
3113,0
3114,0
3115,1
3116,0
3117,0
3118,1
3119,1
3120,1
3121,0
3122,1
3123,0
3124,1
3125,0
3126,0
3127,0
3128,0
3129,1
3130,0
3131,0
3132,0
3133,1
3134,0
3135,0
3136,1
3137,0
3138,1
3139,0
3140,1
3141,1
3142,1
3143,1
3144,0
3145,0
3146,1
3147,0
3148,0
3149,1
3150,1
3151,0
3152,1
3153,1
3154,1
3155,0
3156,0
3157,0
3158,1
3159,0
3160,0
3161,0
3162,1
3163,1
3164,0
3165,0
3166,1
3167,1
3168,0
3169,1
3170,0
3171,0
3172,0
3173,1
3174,1
3175,1
3176,0
3177,0
3178,1
3179,1
3180,1
3181,1
3182,0
3183,0
3184,0
3185,0
3186,0
3187,0
3188,1
3189,0
3190,0
3191,0
3192,0
3193,0
3194,1
3195,0
3196,0
3197,1
3198,1
3199,0
3200,0
3201,0
3202,1
3203,1
3204,1
3205,1
3206,1
3207,0
3208,0
3209,0
3210,1
3211,1
3212,0
3213,1
3214,0
3215,0
3216,0
3217,1
3218,1
3219,0
3220,0
3221,1
3222,1
3223,1
3224,0
3225,0
3226,1
3227,1
3228,0
3229,1
3230,1
3231,0
3232,0
3233,0
3234,0
3235,0
3236,0
3237,0
3238,0
3239,0
3240,1
3241,1
3242,0
3243,1
3244,0
3245,1
3246,1
3247,0
3248,1
3249,1
3250,0
3251,1
3252,1
3253,1
3254,1
3255,1
3256,0
3257,0
3258,1
3259,0
3260,1
3261,0
3262,1
3263,0
3264,0
3265,1
3266,0
3267,1
3268,1
3269,0
3270,0
3271,0
3272,0
3273,1
3274,0
3275,1
3276,1
3277,0
3278,1
3279,1
3280,0
3281,0
3282,0
3283,0
3284,1
3285,1
3286,1
3287,0
3288,0
3289,1
3290,0
3291,0
3292,1
3293,1
3294,0
3295,0
3296,1
3297,0
3298,1
3299,0
3300,0
3301,0
3302,0
3303,1
3304,1
3305,0
3306,1
3307,1
3308,1
3309,1
3310,1
3311,1
3312,0
3313,0
3314,0
3315,1
3316,1
3317,1
3318,0
3319,0
3320,0
3321,0
3322,0
3323,0
3324,1
3325,0
3326,0
3327,0
3328,0
3329,0
3330,0
3331,0
3332,0
3333,1
3334,0
3335,1
3336,1
3337,0
3338,1
3339,0
3340,0
3341,1
3342,0
3343,0
3344,1
3345,1
3346,1
3347,1
3348,1
3349,0
3350,0
3351,0
3352,1
3353,1
3354,0
3355,0
3356,0
3357,1
3358,0
3359,1
3360,1
3361,0
3362,1
3363,1
3364,1
3365,1
3366,1
3367,1
3368,1
3369,1
3370,1
3371,1
3372,1
3373,0
3374,0
3375,1
3376,0
3377,0
3378,1
3379,1
3380,1
3381,0
3382,1
3383,1
3384,0
3385,1
3386,1
3387,1
3388,0
3389,0
3390,0
3391,1
3392,0
3393,0
3394,0
3395,1
3396,1
3397,0
3398,1
3399,1
3400,1
3401,0
3402,1
3403,0
3404,0
3405,1
3406,0
3407,0
3408,1
3409,0
3410,1
3411,1
3412,0
3413,1
3414,0
3415,0
3416,1
3417,1
3418,0
3419,0
3420,0
3421,0
3422,0
3423,0
3424,0
3425,1
3426,0
3427,1
3428,1
3429,1
3430,1
3431,0
3432,0
3433,1
3434,0
3435,0
3436,0
3437,0
3438,0
3439,0
3440,1
3441,0
3442,0
3443,0
3444,1
3445,1
3446,0
3447,1
3448,1
3449,0
3450,1
3451,1
3452,1
3453,1
3454,1
3455,0
3456,1
3457,0
3458,1
3459,1
3460,1
3461,0
3462,0
3463,0
3464,0
3465,1
3466,0
3467,1
3468,1
3469,0
3470,0
3471,1
3472,1
3473,1
3474,1
3475,0
3476,0
3477,0
3478,1
3479,1
3480,1
3481,0
3482,1
3483,0
3484,0
3485,1
3486,1
3487,0
3488,1
3489,1
3490,0
3491,0
3492,1
3493,1
3494,1
3495,0
3496,1
3497,0
3498,1
3499,1
3500,0
3501,1
3502,1
3503,0
3504,1
3505,0
3506,1
3507,1
3508,0
3509,0
3510,0
3511,0
3512,0
3513,1
3514,0
3515,0
3516,1
3517,0
3518,0
3519,0
3520,1
3521,0
3522,1
3523,1
3524,1
3525,0
3526,1
3527,1
3528,0
3529,1
3530,1
3531,0
3532,1
3533,1
3534,1
3535,1
3536,0
3537,0
3538,0
3539,0
3540,1
3541,0
3542,1
3543,0
3544,0
3545,0
3546,1
3547,0
3548,0
3549,0
3550,1
3551,0
3552,0
3553,1
3554,0
3555,0
3556,0
3557,1
3558,1
3559,0
3560,1
3561,0
3562,0
3563,0
3564,0
3565,1
3566,1
3567,0
3568,1
3569,0
3570,0
3571,0
3572,1
3573,0
3574,0
3575,0
3576,1
3577,1
3578,1
3579,0
3580,0
3581,1
3582,0
3583,1
3584,1
3585,0
3586,0
3587,1
3588,0
3589,0
3590,0
3591,0
3592,1
3593,0
3594,0
3595,1
3596,0
3597,0
3598,1
3599,0
3600,1
3601,0
3602,1
3603,1
3604,0
3605,0
3606,1
3607,1
3608,0
3609,1
3610,1
3611,1
3612,1
3613,1
3614,0
3615,0
3616,1
3617,0
3618,1
3619,0
3620,1
3621,0
3622,1
3623,0
3624,1
3625,0
3626,0
3627,0
3628,1
3629,0
3630,0
3631,1
3632,0
3633,0
3634,0
3635,1
3636,0
3637,0
3638,1
3639,0
3640,0
3641,0
3642,1
3643,1
3644,0
3645,1
3646,0
3647,1
3648,1
3649,0
3650,0
3651,0
3652,0
3653,1
3654,1
3655,0
3656,1
3657,1
3658,1
3659,0
3660,1
3661,1
3662,1
3663,1
3664,1
3665,0
3666,1
3667,0
3668,1
3669,0
3670,0
3671,1
3672,0
3673,1
3674,1
3675,1
3676,1
3677,0
3678,0
3679,1
3680,0
3681,0
3682,1
3683,1
3684,1
3685,0
3686,0
3687,1
3688,1
3689,0
3690,0
3691,0
3692,1
3693,1
3694,1
3695,1
3696,1
3697,0
3698,1
3699,0
3700,1
3701,0
3702,0
3703,0
3704,0
3705,1
3706,0
3707,1
3708,1
3709,1
3710,1
3711,1
3712,1
3713,0
3714,1
3715,0
3716,0
3717,1
3718,0
3719,1
3720,0
3721,1
3722,1
3723,0
3724,0
3725,1
3726,1
3727,1
3728,1
3729,0
3730,1
3731,0
3732,1
3733,0
3734,0
3735,1
3736,0
3737,0
3738,1
3739,0
3740,1
3741,1
3742,0
3743,0
3744,0
3745,0
3746,1
3747,0
3748,0
3749,0
3750,1
3751,0
3752,0
3753,1
3754,1
3755,0
3756,1
3757,0
3758,0
3759,1
3760,0
3761,1
3762,1
3763,0
3764,0
3765,1
3766,1
3767,1
3768,1
3769,1
3770,1
3771,0
3772,0
3773,1
3774,1
3775,1
3776,1
3777,1
3778,0
3779,0
3780,0
3781,1
3782,0
3783,0
3784,1
3785,0
3786,0
3787,1
3788,0
3789,1
3790,0
3791,1
3792,0
3793,1
3794,1
3795,1
3796,0
3797,1
3798,1
3799,1
3800,1
3801,0
3802,1
3803,0
3804,0
3805,1
3806,0
3807,0
3808,1
3809,0
3810,1
3811,0
3812,0
3813,1
3814,0
3815,0
3816,1
3817,1
3818,1
3819,0
3820,0
3821,0
3822,0
3823,1
3824,0
3825,1
3826,1
3827,0
3828,1
3829,0
3830,1
3831,1
3832,1
3833,0
3834,0
3835,0
3836,1
3837,0
3838,1
3839,1
3840,1
3841,0
3842,0
3843,1
3844,0
3845,1
3846,1
3847,0
3848,1
3849,0
3850,0
3851,0
3852,0
3853,0
3854,0
3855,1
3856,0
3857,0
3858,1
3859,0
3860,1
3861,1
3862,1
3863,1
3864,0
3865,1
3866,1
3867,0
3868,0
3869,1
3870,0
3871,1
3872,0
3873,0
3874,1
3875,0
3876,0
3877,1
3878,1
3879,1
3880,1
3881,0
3882,0
3883,0
3884,1
3885,0
3886,0
3887,0
3888,1
3889,0
3890,1
3891,1
3892,1
3893,0
3894,1
3895,0
3896,1
3897,0
3898,0
3899,0
3900,0
3901,1
3902,1
3903,1
3904,1
3905,1
3906,0
3907,1
3908,1
3909,0
3910,1
3911,0
3912,1
3913,0
3914,0
3915,1
3916,1
3917,1
3918,0
3919,1
3920,1
3921,0
3922,0
3923,0
3924,1
3925,1
3926,1
3927,0
3928,0
3929,1
3930,0
3931,1
3932,0
3933,1
3934,0
3935,1
3936,1
3937,1
3938,0
3939,0
3940,1
3941,0
3942,0
3943,1
3944,1
3945,1
3946,1
3947,0
3948,0
3949,0
3950,0
3951,0
3952,1
3953,1
3954,1
3955,1
3956,0
3957,1
3958,0
3959,1
3960,0
3961,0
3962,0
3963,0
3964,0
3965,0
3966,0
3967,1
3968,0
3969,1
3970,0
3971,1
3972,0
3973,1
3974,1
3975,1
3976,1
3977,0
3978,1
3979,1
3980,0
3981,0
3982,1
3983,0
3984,1
3985,0
3986,1
3987,1
3988,1
3989,1
3990,0
3991,1
3992,1
3993,1
3994,1
3995,0
3996,0
3997,0
3998,0
3999,1
4000,0
4001,0
4002,0
4003,0
4004,0
4005,1
4006,0
4007,0
4008,1
4009,0
4010,0
4011,1
4012,1
4013,0
4014,1
4015,1
4016,0
4017,1
4018,1
4019,1
4020,0
4021,0
4022,1
4023,1
4024,1
4025,0
4026,0
4027,0
4028,1
4029,0
4030,0
4031,1
4032,1
4033,0
4034,1
4035,0
4036,0
4037,0
4038,0
4039,0
4040,1
4041,1
4042,0
4043,1
4044,0
4045,0
4046,0
4047,1
4048,1
4049,1
4050,0
4051,1
4052,1
4053,0
4054,1
4055,1
4056,1
4057,1
4058,1
4059,1
4060,0
4061,0
4062,1
4063,0
4064,0
4065,0
4066,1
4067,1
4068,0
4069,0
4070,1
4071,1
4072,0
4073,0
4074,1
4075,1
4076,0
4077,0
4078,1
4079,1
4080,0
4081,0
4082,1
4083,1
4084,0
4085,0
4086,1
4087,0
4088,0
4089,1
4090,1
4091,1
4092,0
4093,1
4094,0
4095,1
4096,1
4097,0
4098,0
4099,1
4100,0
4101,0
4102,0
4103,0
4104,1
4105,0
4106,0
4107,1
4108,0
4109,0
4110,1
4111,1
4112,1
4113,1
4114,1
4115,1
4116,1
4117,1
4118,1
4119,1
4120,1
4121,0
4122,0
4123,0
4124,1
4125,1
4126,1
4127,1
4128,0
4129,1
4130,0
4131,0
4132,1
4133,1
4134,1
4135,0
4136,0
4137,0
4138,0
4139,0
4140,0
4141,0
4142,0
4143,1
4144,0
4145,0
4146,0
4147,0
4148,0
4149,1
4150,1
4151,0
4152,1
4153,1
4154,1
4155,1
4156,1
4157,1
4158,0
4159,0
4160,0
4161,0
4162,1
4163,1
4164,1
4165,0
4166,0
4167,1
4168,0
4169,0
4170,0
4171,0
4172,0
4173,1
4174,1
4175,0
4176,1
4177,0
4178,0
4179,1
4180,1
4181,0
4182,0
4183,0
4184,1
4185,1
4186,0
4187,1
4188,1
4189,0
4190,0
4191,1
4192,1
4193,1
4194,0
4195,1
4196,0
4197,1
4198,0
4199,1
4200,1
4201,1
4202,0
4203,1
4204,0
4205,0
4206,1
4207,0
4208,0
4209,0
4210,0
4211,1
4212,0
4213,0
4214,0
4215,1
4216,1
4217,1
4218,0
4219,1
4220,0
4221,0
4222,1
4223,1
4224,1
4225,1
4226,1
4227,1
4228,1
4229,0
4230,0
4231,0
4232,0
4233,0
4234,0
4235,0
4236,1
4237,0
4238,1
4239,0
4240,0
4241,0
4242,1
4243,0
4244,0
4245,1
4246,1
4247,0
4248,1
4249,1
4250,0
4251,1
4252,1
4253,1
4254,0
4255,0
4256,1
4257,0
4258,1
4259,0
4260,0
4261,0
4262,0
4263,0
4264,0
4265,0
4266,1
4267,0
4268,1
4269,0
4270,1
4271,1
4272,1
4273,0
4274,1
4275,0
4276,1
4277,1
4278,1
4279,1
4280,0
4281,0
4282,0
4283,0
4284,0
4285,0
4286,1
4287,1
4288,1
4289,1
4290,0
4291,0
4292,0
4293,0
4294,1
4295,1
4296,1
4297,1
4298,1
4299,1
4300,1
4301,1
4302,0
4303,1
4304,1
4305,1
4306,1
4307,1
4308,0
4309,0
4310,0
4311,0
4312,0
4313,1
4314,1
4315,1
4316,1
4317,1
4318,0
4319,1
4320,1
4321,1
4322,0
4323,0
4324,0
4325,0
4326,1
4327,0
4328,0
4329,1
4330,1
4331,1
4332,0
4333,1
4334,0
4335,1
4336,1
4337,1
4338,1
4339,0
4340,1
4341,0
4342,0
4343,0
4344,0
4345,1
4346,1
4347,0
4348,1
4349,0
4350,1
4351,1
4352,0
4353,0
4354,0
4355,0
4356,1
4357,0
4358,1
4359,0
4360,1
4361,0
4362,1
4363,1
4364,0
4365,1
4366,0
4367,1
4368,0
4369,1
4370,0
4371,0
4372,1
4373,1
4374,0
4375,0
4376,1
4377,0
4378,1
4379,1
4380,0
4381,1
4382,0
4383,1
4384,0
4385,1
4386,0
4387,1
4388,0
4389,0
4390,1
4391,1
4392,0
4393,1
4394,1
4395,1
4396,1
4397,0
4398,0
4399,1
4400,0
4401,1
4402,0
4403,0
4404,1
4405,0
4406,0
4407,1
4408,0
4409,0
4410,1
4411,0
4412,0
4413,0
4414,1
4415,0
4416,1
4417,0
4418,0
4419,0
4420,0
4421,0
4422,1
4423,1
4424,1
4425,0
4426,0
4427,1
4428,0
4429,1
4430,0
4431,1
4432,0
4433,0
4434,0
4435,0
4436,0
4437,1
4438,0
4439,0
4440,1
4441,1
4442,0
4443,0
4444,0
4445,1
4446,1
4447,0
4448,1
4449,0
4450,0
4451,1
4452,0
4453,0
4454,1
4455,0
4456,1
4457,1
4458,0
4459,0
4460,1
4461,1
4462,1
4463,0
4464,1
4465,0
4466,1
4467,1
4468,1
4469,0
4470,1
4471,1
4472,1
4473,1
4474,1
4475,0
4476,1
4477,1
4478,1
4479,0
4480,0
4481,1
4482,0
4483,1
4484,0
4485,1
4486,0
4487,1
4488,0
4489,0
4490,1
4491,1
4492,0
4493,0
4494,1
4495,1
4496,0
4497,1
4498,1
4499,0
4500,1
4501,0
4502,0
4503,1
4504,0
4505,0
4506,0
4507,1
4508,0
4509,1
4510,1
4511,1
4512,1
4513,0
4514,0
4515,0
4516,0
4517,0
4518,0
4519,1
4520,0
4521,1
4522,0
4523,1
4524,1
4525,0
4526,1
4527,1
4528,1
4529,0
4530,1
4531,1
4532,1
4533,1
4534,0
4535,0
4536,1
4537,0
4538,0
4539,0
4540,0
4541,0
4542,1
4543,0
4544,0
4545,0
4546,0
4547,1
4548,1
4549,0
4550,1
4551,0
4552,0
4553,0
4554,1
4555,1
4556,1
4557,0
4558,0
4559,0
4560,1
4561,0
4562,0
4563,0
4564,1
4565,0
4566,0
4567,0
4568,1
4569,1
4570,0
4571,0
4572,0
4573,1
4574,1
4575,1
4576,1
4577,1
4578,0
4579,1
4580,1
4581,1
4582,0
4583,1
4584,0
4585,1
4586,1
4587,1
4588,0
4589,0
4590,0
4591,0
4592,0
4593,1
4594,1
4595,0
4596,1
4597,1
4598,0
4599,1
4600,1
4601,1
4602,0
4603,1
4604,0
4605,1
4606,1
4607,1
4608,1
4609,0
4610,1
4611,1
4612,0
4613,0
4614,0
4615,0
4616,1
4617,1
4618,1
4619,0
4620,1
4621,1
4622,1
4623,0
4624,1
4625,0
4626,1
4627,1
4628,0
4629,1
4630,1
4631,1
4632,1
4633,1
4634,0
4635,1
4636,1
4637,0
4638,1
4639,0
4640,1
4641,0
4642,1
4643,0
4644,0
4645,0
4646,1
4647,1
4648,0
4649,0
4650,0
4651,1
4652,1
4653,1
4654,0
4655,0
4656,0
4657,0
4658,0
4659,1
4660,1
4661,1
4662,1
4663,0
4664,1
4665,0
4666,1
4667,0
4668,1
4669,1
4670,1
4671,1
4672,1
4673,1
4674,0
4675,1
4676,0
4677,0
4678,1
4679,0
4680,0
4681,0
4682,1
4683,0
4684,0
4685,1
4686,0
4687,0
4688,0
4689,0
4690,1
4691,0
4692,1
4693,1
4694,1
4695,0
4696,1
4697,1
4698,0
4699,1
4700,0
4701,0
4702,0
4703,1
4704,1
4705,0
4706,0
4707,0
4708,0
4709,1
4710,1
4711,1
4712,0
4713,1
4714,1
4715,0
4716,1
4717,0
4718,1
4719,0
4720,0
4721,1
4722,0
4723,0
4724,0
4725,0
4726,0
4727,0
4728,1
4729,0
4730,1
4731,0
4732,0
4733,0
4734,1
4735,1
4736,0
4737,0
4738,1
4739,1
4740,0
4741,1
4742,0
4743,0
4744,1
4745,1
4746,0
4747,1
4748,0
4749,0
4750,1
4751,0
4752,1
4753,0
4754,0
4755,0
4756,0
4757,0
4758,0
4759,1
4760,1
4761,1
4762,1
4763,0
4764,0
4765,1
4766,0
4767,1
4768,0
4769,1
4770,1
4771,0
4772,0
4773,1
4774,1
4775,0
4776,1
4777,1
4778,0
4779,1
4780,1
4781,0
4782,0
4783,1
4784,1
4785,0
4786,0
4787,1
4788,0
4789,1
4790,1
4791,1
4792,1
4793,1
4794,0
4795,0
4796,1
4797,1
4798,0
4799,1
4800,1
4801,0
4802,0
4803,0
4804,0
4805,1
4806,1
4807,0
4808,0
4809,0
4810,0
4811,0
4812,0
4813,1
4814,1
4815,1
4816,1
4817,1
4818,1
4819,1
4820,0
4821,0
4822,1
4823,0
4824,0
4825,1
4826,0
4827,0
4828,1
4829,0
4830,0
4831,1
4832,0
4833,0
4834,0
4835,0
4836,0
4837,1
4838,0
4839,1
4840,1
4841,0
4842,0
4843,1
4844,0
4845,1
4846,0
4847,0
4848,1
4849,1
4850,1
4851,1
4852,1
4853,0
4854,0
4855,1
4856,0
4857,1
4858,0
4859,1
4860,0
4861,0
4862,0
4863,0
4864,0
4865,1
4866,0
4867,0
4868,1
4869,0
4870,0
4871,1
4872,0
4873,1
4874,1
4875,0
4876,1
4877,1
4878,1
4879,1
4880,1
4881,0
4882,0
4883,0
4884,1
4885,1
4886,0
4887,1
4888,0
4889,1
4890,1
4891,0
4892,0
4893,1
4894,1
4895,1
4896,0
4897,1
4898,0
4899,0
4900,1
4901,1
4902,1
4903,1
4904,1
4905,1
4906,0
4907,0
4908,0
4909,1
4910,0
4911,1
4912,0
4913,1
4914,1
4915,1
4916,1
4917,1
4918,1
4919,1
4920,0
4921,1
4922,0
4923,1
4924,0
4925,0
4926,1
4927,0
4928,1
4929,1
4930,1
4931,0
4932,0
4933,0
4934,1
4935,0
4936,1
4937,1
4938,1
4939,1
4940,1
4941,1
4942,1
4943,1
4944,1
4945,0
4946,1
4947,0
4948,1
4949,0
4950,1
4951,0
4952,1
4953,0
4954,0
4955,1
4956,1
4957,1
4958,1
4959,0
4960,0
4961,1
4962,0
4963,1
4964,1
4965,1
4966,0
4967,0
4968,0
4969,0
4970,0
4971,0
4972,1
4973,1
4974,1
4975,0
4976,0
4977,1
4978,1
4979,0
4980,0
4981,0
4982,1
4983,1
4984,0
4985,1
4986,0
4987,0
4988,1
4989,1
4990,1
4991,0
4992,1
4993,1
4994,0
4995,1
4996,0
4997,1
4998,0
4999,0
5000,0
5001,0
5002,0
5003,0
5004,0
5005,0
5006,0
5007,0
5008,0
5009,1
5010,1
5011,1
5012,1
5013,1
5014,1
5015,1
5016,1
5017,0
5018,0
5019,0
5020,1
5021,1
5022,0
5023,0
5024,0
5025,1
5026,1
5027,0
5028,0
5029,0
5030,1
5031,0
5032,1
5033,0
5034,1
5035,0
5036,0
5037,0
5038,0
5039,0
5040,1
5041,0
5042,0
5043,1
5044,0
5045,0
5046,1
5047,1
5048,1
5049,1
5050,0
5051,0
5052,0
5053,0
5054,0
5055,1
5056,0
5057,0
5058,1
5059,0
5060,0
5061,0
5062,1
5063,1
5064,0
5065,0
5066,1
5067,1
5068,1
5069,0
5070,0
5071,1
5072,0
5073,1
5074,0
5075,1
5076,0
5077,1
5078,1
5079,1
5080,1
5081,1
5082,0
5083,1
5084,1
5085,0
5086,1
5087,0
5088,1
5089,0
5090,1
5091,1
5092,0
5093,0
5094,1
5095,0
5096,0
5097,1
5098,0
5099,0
5100,1
5101,1
5102,1
5103,0
5104,1
5105,0
5106,1
5107,1
5108,0
5109,1
5110,1
5111,0
5112,0
5113,0
5114,1
5115,1
5116,0
5117,1
5118,0
5119,0
5120,0
5121,1
5122,0
5123,1
5124,0
5125,0
5126,1
5127,1
5128,0
5129,0
5130,1
5131,1
5132,0
5133,1
5134,1
5135,1
5136,0
5137,1
5138,0
5139,0
5140,1
5141,0
5142,0
5143,1
5144,1
5145,1
5146,1
5147,1
5148,0
5149,0
5150,0
5151,0
5152,0
5153,0
5154,0
5155,0
5156,1
5157,0
5158,1
5159,1
5160,1
5161,0
5162,1
5163,0
5164,1
5165,0
5166,1
5167,0
5168,0
5169,1
5170,0
5171,0
5172,1
5173,1
5174,0
5175,1
5176,1
5177,1
5178,0
5179,1
5180,1
5181,1
5182,0
5183,0
5184,1
5185,0
5186,1
5187,0
5188,0
5189,0
5190,0
5191,1
5192,0
5193,1
5194,0
5195,0
5196,1
5197,0
5198,1
5199,1
5200,1
5201,0
5202,1
5203,0
5204,0
5205,0
5206,1
5207,0
5208,0
5209,1
5210,1
5211,0
5212,1
5213,0
5214,1
5215,0
5216,1
5217,1
5218,1
5219,1
5220,0
5221,0
5222,0
5223,0
5224,0
5225,1
5226,0
5227,0
5228,0
5229,0
5230,0
5231,0
5232,1
5233,1
5234,0
5235,0
5236,0
5237,0
5238,0
5239,0
5240,0
5241,0
5242,0
5243,1
5244,0
5245,1
5246,1
5247,1
5248,0
5249,1
5250,1
5251,1
5252,0
5253,1
5254,0
5255,1
5256,0
5257,0
5258,0
5259,0
5260,1
5261,1
5262,0
5263,0
5264,0
5265,1
5266,1
5267,1
5268,1
5269,0
5270,1
5271,0
5272,0
5273,1
5274,0
5275,0
5276,1
5277,1
5278,1
5279,1
5280,1
5281,1
5282,1
5283,1
5284,0
5285,1
5286,1
5287,0
5288,1
5289,1
5290,1
5291,1
5292,1
5293,1
5294,1
5295,1
5296,1
5297,1
5298,1
5299,0
5300,1
5301,1
5302,0
5303,0
5304,0
5305,1
5306,1
5307,0
5308,0
5309,0
5310,0
5311,1
5312,1
5313,0
5314,0
5315,0
5316,0
5317,0
5318,0
5319,0
5320,0
5321,0
5322,0
5323,1
5324,0
5325,1
5326,1
5327,0
5328,1
5329,1
5330,1
5331,0
5332,0
5333,0
5334,1
5335,0
5336,0
5337,1
5338,0
5339,1
5340,1
5341,0
5342,1
5343,1
5344,0
5345,0
5346,1
5347,1
5348,1
5349,0
5350,0
5351,1
5352,1
5353,1
5354,0
5355,1
5356,1
5357,1
5358,1
5359,0
5360,0
5361,0
5362,1
5363,0
5364,0
5365,0
5366,0
5367,1
5368,1
5369,1
5370,1
5371,1
5372,1
5373,1
5374,0
5375,1
5376,1
5377,1
5378,1
5379,0
5380,0
5381,1
5382,1
5383,1
5384,1
5385,1
5386,1
5387,0
5388,0
5389,1
5390,0
5391,0
5392,0
5393,1
5394,1
5395,1
5396,1
5397,1
5398,0
5399,0
5400,0
5401,0
5402,0
5403,0
5404,0
5405,0
5406,0
5407,0
5408,1
5409,1
5410,1
5411,1
5412,1
5413,1
5414,1
5415,1
5416,0
5417,0
5418,1
5419,0
5420,1
5421,1
5422,1
5423,0
5424,0
5425,0
5426,0
5427,1
5428,1
5429,0
5430,1
5431,0
5432,1
5433,1
5434,1
5435,1
5436,1
5437,0
5438,1
5439,0
5440,0
5441,0
5442,0
5443,1
5444,1
5445,1
5446,0
5447,0
5448,0
5449,0
5450,1
5451,1
5452,0
5453,1
5454,1
5455,0
5456,0
5457,0
5458,0
5459,1
5460,0
5461,1
5462,0
5463,0
5464,0
5465,1
5466,1
5467,1
5468,0
5469,0
5470,0
5471,1
5472,1
5473,1
5474,0
5475,0
5476,0
5477,1
5478,1
5479,1
5480,1
5481,1
5482,1
5483,1
5484,0
5485,1
5486,1
5487,0
5488,1
5489,1
5490,1
5491,1
5492,0
5493,1
5494,0
5495,1
5496,1
5497,1
5498,0
5499,0
5500,0
5501,0
5502,0
5503,0
5504,1
5505,1
5506,0
5507,0
5508,0
5509,0
5510,1
5511,1
5512,0
5513,1
5514,0
5515,1
5516,0
5517,0
5518,1
5519,1
5520,1
5521,1
5522,1
5523,0
5524,0
5525,1
5526,0
5527,0
5528,0
5529,0
5530,0
5531,0
5532,0
5533,0
5534,1
5535,0
5536,0
5537,1
5538,0
5539,1
5540,0
5541,1
5542,1
5543,0
5544,1
5545,0
5546,1
5547,0
5548,0
5549,0
5550,1
5551,0
5552,0
5553,0
5554,0
5555,0
5556,0
5557,0
5558,0
5559,1
5560,0
5561,0
5562,0
5563,1
5564,1
5565,0
5566,0
5567,1
5568,1
5569,1
5570,1
5571,1
5572,1
5573,1
5574,0
5575,1
5576,1
5577,0
5578,0
5579,1
5580,0
5581,0
5582,1
5583,1
5584,0
5585,0
5586,0
5587,0
5588,1
5589,0
5590,1
5591,1
5592,0
5593,1
5594,0
5595,0
5596,1
5597,1
5598,0
5599,0
5600,1
5601,0
5602,1
5603,0
5604,0
5605,1
5606,1
5607,1
5608,0
5609,1
5610,0
5611,0
5612,0
5613,1
5614,0
5615,0
5616,0
5617,0
5618,0
5619,1
5620,0
5621,0
5622,0
5623,1
5624,0
5625,0
5626,1
5627,1
5628,1
5629,0
5630,0
5631,1
5632,0
5633,1
5634,0
5635,0
5636,1
5637,1
5638,0
5639,1
5640,0
5641,0
5642,1
5643,1
5644,0
5645,0
5646,0
5647,0
5648,1
5649,1
5650,0
5651,1
5652,1
5653,0
5654,0
5655,1
5656,0
5657,1
5658,0
5659,1
5660,0
5661,1
5662,0
5663,0
5664,0
5665,0
5666,0
5667,0
5668,0
5669,0
5670,1
5671,1
5672,1
5673,0
5674,0
5675,1
5676,1
5677,1
5678,1
5679,0
5680,1
5681,0
5682,1
5683,1
5684,0
5685,1
5686,0
5687,0
5688,0
5689,0
5690,1
5691,0
5692,1
5693,1
5694,1
5695,0
5696,0
5697,0
5698,0
5699,1
5700,0
5701,0
5702,0
5703,0
5704,1
5705,1
5706,0
5707,1
5708,1
5709,0
5710,1
5711,0
5712,1
5713,1
5714,0
5715,1
5716,0
5717,1
5718,0
5719,0
5720,1
5721,1
5722,0
5723,1
5724,1
5725,1
5726,0
5727,1
5728,1
5729,0
5730,1
5731,1
5732,0
5733,0
5734,0
5735,1
5736,1
5737,0
5738,0
5739,0
5740,1
5741,1
5742,1
5743,1
5744,1
5745,0
5746,1
5747,0
5748,0
5749,1
5750,0
5751,0
5752,0
5753,1
5754,0
5755,0
5756,0
5757,1
5758,1
5759,0
5760,0
5761,1
5762,1
5763,1
5764,1
5765,1
5766,1
5767,1
5768,1
5769,1
5770,0
5771,0
5772,1
5773,0
5774,1
5775,0
5776,0
5777,1
5778,1
5779,1
5780,1
5781,0
5782,1
5783,1
5784,1
5785,1
5786,0
5787,1
5788,1
5789,1
5790,1
5791,1
5792,1
5793,0
5794,0
5795,1
5796,0
5797,1
5798,0
5799,0
5800,1
5801,1
5802,0
5803,1
5804,0
5805,1
5806,0
5807,0
5808,0
5809,0
5810,1
5811,0
5812,0
5813,0
5814,1
5815,0
5816,1
5817,1
5818,0
5819,1
5820,1
5821,0
5822,1
5823,1
5824,1
5825,0
5826,0
5827,1
5828,0
5829,1
5830,0
5831,0
5832,0
5833,0
5834,1
5835,0
5836,1
5837,1
5838,1
5839,1
5840,0
5841,0
5842,0
5843,0
5844,1
5845,0
5846,1
5847,1
5848,0
5849,1
5850,0
5851,0
5852,0
5853,1
5854,0
5855,0
5856,1
5857,1
5858,0
5859,1
5860,0
5861,1
5862,0
5863,1
5864,0
5865,1
5866,1
5867,0
5868,0
5869,0
5870,1
5871,1
5872,0
5873,0
5874,0
5875,0
5876,0
5877,0
5878,1
5879,1
5880,1
5881,0
5882,0
5883,1
5884,1
5885,0
5886,1
5887,1
5888,0
5889,0
5890,0
5891,0
5892,0
5893,1
5894,1
5895,0
5896,0
5897,1
5898,0
5899,1
5900,0
5901,1
5902,1
5903,0
5904,1
5905,0
5906,0
5907,1
5908,1
5909,1
5910,1
5911,0
5912,1
5913,0
5914,0
5915,1
5916,1
5917,1
5918,0
5919,1
5920,1
5921,1
5922,0
5923,0
5924,0
5925,1
5926,1
5927,1
5928,0
5929,0
5930,1
5931,1
5932,0
5933,0
5934,1
5935,0
5936,0
5937,0
5938,0
5939,1
5940,0
5941,0
5942,0
5943,1
5944,1
5945,1
5946,1
5947,0
5948,1
5949,1
5950,1
5951,1
5952,1
5953,0
5954,1
5955,0
5956,0
5957,0
5958,1
5959,1
5960,0
5961,0
5962,0
5963,0
5964,1
5965,0
5966,0
5967,1
5968,0
5969,1
5970,0
5971,0
5972,1
5973,0
5974,0
5975,1
5976,0
5977,0
5978,0
5979,0
5980,1
5981,1
5982,0
5983,1
5984,0
5985,1
5986,1
5987,0
5988,0
5989,0
5990,1
5991,1
5992,0
5993,0
5994,0
5995,0
5996,0
5997,1
5998,1
5999,1
6000,1
6001,1
6002,0
6003,0
6004,0
6005,0
6006,0
6007,0
6008,1
6009,1
6010,0
6011,1
6012,0
6013,1
6014,0
6015,1
6016,1
6017,0
6018,0
6019,0
6020,0
6021,1
6022,0
6023,1
6024,0
6025,1
6026,0
6027,0
6028,0
6029,1
6030,1
6031,0
6032,0
6033,1
6034,0
6035,0
6036,1
6037,0
6038,0
6039,1
6040,0
6041,0
6042,1
6043,0
6044,1
6045,0
6046,0
6047,1
6048,0
6049,1
6050,1
6051,0
6052,1
6053,1
6054,1
6055,1
6056,0
6057,0
6058,1
6059,0
6060,1
6061,1
6062,0
6063,0
6064,1
6065,1
6066,1
6067,0
6068,0
6069,0
6070,0
6071,1
6072,0
6073,1
6074,0
6075,1
6076,1
6077,0
6078,1
6079,1
6080,1
6081,0
6082,0
6083,0
6084,1
6085,1
6086,1
6087,0
6088,1
6089,1
6090,1
6091,1
6092,1
6093,1
6094,0
6095,1
6096,0
6097,1
6098,0
6099,1
6100,1
6101,1
6102,0
6103,0
6104,1
6105,0
6106,0
6107,1
6108,0
6109,1
6110,0
6111,1
6112,0
6113,0
6114,0
6115,0
6116,1
6117,0
6118,0
6119,0
6120,1
6121,1
6122,1
6123,1
6124,1
6125,1
6126,0
6127,1
6128,0
6129,0
6130,1
6131,0
6132,1
6133,0
6134,0
6135,0
6136,1
6137,0
6138,1
6139,0
6140,0
6141,1
6142,0
6143,0
6144,0
6145,0
6146,0
6147,0
6148,1
6149,1
6150,1
6151,1
6152,1
6153,1
6154,0
6155,1
6156,0
6157,0
6158,1
6159,0
6160,0
6161,1
6162,1
6163,0
6164,1
6165,1
6166,0
6167,1
6168,0
6169,0
6170,1
6171,0
6172,0
6173,0
6174,0
6175,1
6176,1
6177,0
6178,0
6179,1
6180,1
6181,0
6182,1
6183,0
6184,1
6185,1
6186,1
6187,1
6188,0
6189,0
6190,0
6191,1
6192,0
6193,0
6194,0
6195,1
6196,0
6197,1
6198,1
6199,1
6200,0
6201,0
6202,0
6203,0
6204,0
6205,0
6206,0
6207,0
6208,0
6209,0
6210,0
6211,0
6212,0
6213,1
6214,0
6215,1
6216,1
6217,1
6218,0
6219,1
6220,1
6221,1
6222,0
6223,0
6224,1
6225,1
6226,1
6227,1
6228,1
6229,0
6230,0
6231,1
6232,0
6233,1
6234,0
6235,1
6236,0
6237,0
6238,1
6239,0
6240,0
6241,0
6242,0
6243,1
6244,0
6245,1
6246,0
6247,0
6248,1
6249,1
6250,0
6251,0
6252,1
6253,0
6254,0
6255,1
6256,1
6257,1
6258,0
6259,0
6260,1
6261,1
6262,0
6263,0
6264,0
6265,0
6266,0
6267,0
6268,0
6269,1
6270,1
6271,0
6272,1
6273,1
6274,1
6275,0
6276,1
6277,1
6278,0
6279,1
6280,0
6281,1
6282,0
6283,0
6284,1
6285,0
6286,0
6287,0
6288,0
6289,1
6290,1
6291,0
6292,1
6293,1
6294,1
6295,1
6296,1
6297,0
6298,1
6299,1
6300,0
6301,1
6302,0
6303,0
6304,1
6305,0
6306,1
6307,0
6308,1
6309,0
6310,1
6311,1
6312,1
6313,1
6314,0
6315,0
6316,0
6317,0
6318,0
6319,0
6320,1
6321,1
6322,1
6323,1
6324,0
6325,0
6326,1
6327,1
6328,0
6329,0
6330,0
6331,1
6332,1
6333,0
6334,0
6335,1
6336,0
6337,1
6338,1
6339,0
6340,1
6341,0
6342,1
6343,0
6344,1
6345,1
6346,1
6347,0
6348,0
6349,1
6350,1
6351,0
6352,0
6353,1
6354,0
6355,1
6356,1
6357,1
6358,0
6359,1
6360,0
6361,1
6362,1
6363,0
6364,1
6365,1
6366,1
6367,1
6368,0
6369,1
6370,1
6371,1
6372,1
6373,0
6374,1
6375,1
6376,0
6377,0
6378,0
6379,1
6380,1
6381,0
6382,0
6383,0
6384,1
6385,0
6386,1
6387,0
6388,0
6389,0
6390,0
6391,1
6392,0
6393,0
6394,0
6395,1
6396,0
6397,0
6398,0
6399,0
6400,1
6401,1
6402,0
6403,0
6404,0
6405,0
6406,1
6407,1
6408,0
6409,0
6410,1
6411,1
6412,1
6413,1
6414,1
6415,0
6416,0
6417,0
6418,0
6419,0
6420,0
6421,1
6422,0
6423,0
6424,0
6425,1
6426,1
6427,0
6428,1
6429,1
6430,0
6431,1
6432,1
6433,1
6434,1
6435,1
6436,0
6437,1
6438,0
6439,0
6440,0
6441,0
6442,0
6443,0
6444,0
6445,1
6446,0
6447,1
6448,1
6449,1
6450,1
6451,0
6452,0
6453,0
6454,1
6455,0
6456,1
6457,1
6458,1
6459,1
6460,1
6461,1
6462,1
6463,0
6464,1
6465,1
6466,0
6467,0
6468,1
6469,0
6470,0
6471,0
6472,1
6473,0
6474,1
6475,0
6476,0
6477,0
6478,1
6479,0
6480,1
6481,0
6482,0
6483,1
6484,0
6485,1
6486,1
6487,1
6488,0
6489,0
6490,0
6491,0
6492,1
6493,0
6494,1
6495,1
6496,0
6497,0
6498,0
6499,0
6500,1
6501,1
6502,1
6503,1
6504,1
6505,1
6506,1
6507,0
6508,1
6509,1
6510,0
6511,0
6512,0
6513,1
6514,1
6515,0
6516,1
6517,0
6518,1
6519,0
6520,0
6521,1
6522,1
6523,1
6524,0
6525,1
6526,0
6527,0
6528,1
6529,1
6530,0
6531,1
6532,1
6533,0
6534,1
6535,1
6536,0
6537,1
6538,0
6539,0
6540,1
6541,0
6542,1
6543,1
6544,1
6545,1
6546,1
6547,1
6548,1
6549,1
6550,1
6551,1
6552,0
6553,1
6554,1
6555,1
6556,0
6557,0
6558,0
6559,0
6560,1
6561,0
6562,0
6563,0
6564,0
6565,0
6566,0
6567,1
6568,1
6569,1
6570,0
6571,1
6572,1
6573,0
6574,1
6575,1
6576,0
6577,1
6578,1
6579,0
6580,0
6581,0
6582,0
6583,1
6584,0
6585,1
6586,0
6587,0
6588,0
6589,0
6590,1
6591,0
6592,1
6593,1
6594,1
6595,0
6596,1
6597,1
6598,1
6599,1
6600,1
6601,1
6602,1
6603,0
6604,0
6605,0
6606,1
6607,1
6608,0
6609,1
6610,1
6611,1
6612,1
6613,0
6614,1
6615,1
6616,1
6617,1
6618,0
6619,0
6620,1
6621,1
6622,0
6623,0
6624,0
6625,0
6626,1
6627,0
6628,1
6629,1
6630,0
6631,1
6632,1
6633,1
6634,1
6635,0
6636,1
6637,0
6638,0
6639,1
6640,1
6641,1
6642,1
6643,1
6644,1
6645,0
6646,1
6647,1
6648,0
6649,1
6650,1
6651,0
6652,0
6653,1
6654,0
6655,0
6656,0
6657,1
6658,1
6659,1
6660,0
6661,0
6662,0
6663,0
6664,0
6665,1
6666,1
6667,0
6668,0
6669,0
6670,0
6671,1
6672,1
6673,0
6674,1
6675,0
6676,1
6677,0
6678,1
6679,1
6680,1
6681,1
6682,0
6683,0
6684,1
6685,0
6686,1
6687,0
6688,0
6689,0
6690,0
6691,0
6692,1
6693,0
6694,1
6695,1
6696,1
6697,0
6698,1
6699,0
6700,0
6701,1
6702,0
6703,1
6704,0
6705,1
6706,1
6707,0
6708,1
6709,1
6710,0
6711,0
6712,1
6713,0
6714,0
6715,1
6716,1
6717,0
6718,0
6719,1
6720,0
6721,0
6722,1
6723,0
6724,1
6725,1
6726,1
6727,1
6728,0
6729,1
6730,0
6731,1
6732,1
6733,0
6734,1
6735,1
6736,1
6737,0
6738,0
6739,1
6740,0
6741,1
6742,1
6743,1
6744,0
6745,1
6746,0
6747,0
6748,1
6749,1
6750,0
6751,1
6752,1
6753,1
6754,1
6755,1
6756,0
6757,1
6758,0
6759,0
6760,1
6761,1
6762,0
6763,1
6764,1
6765,0
6766,0
6767,0
6768,1
6769,0
6770,0
6771,1
6772,0
6773,0
6774,1
6775,0
6776,0
6777,0
6778,1
6779,0
6780,1
6781,0
6782,1
6783,1
6784,1
6785,1
6786,0
6787,0
6788,0
6789,0
6790,1
6791,1
6792,1
6793,0
6794,0
6795,1
6796,0
6797,0
6798,0
6799,0
6800,0
6801,1
6802,0
6803,0
6804,1
6805,1
6806,1
6807,1
6808,0
6809,1
6810,0
6811,1
6812,0
6813,1
6814,1
6815,1
6816,0
6817,1
6818,0
6819,0
6820,1
6821,0
6822,1
6823,0
6824,1
6825,0
6826,0
6827,0
6828,1
6829,0
6830,0
6831,0
6832,1
6833,0
6834,1
6835,1
6836,1
6837,1
6838,1
6839,1
6840,0
6841,1
6842,0
6843,1
6844,1
6845,0
6846,0
6847,1
6848,1
6849,1
6850,1
6851,1
6852,1
6853,0
6854,1
6855,1
6856,1
6857,1
6858,0
6859,0
6860,0
6861,0
6862,1
6863,0
6864,1
6865,1
6866,1
6867,1
6868,0
6869,0
6870,1
6871,0
6872,0
6873,1
6874,1
6875,1
6876,1
6877,0
6878,0
6879,0
6880,0
6881,0
6882,1
6883,0
6884,1
6885,1
6886,0
6887,0
6888,1
6889,0
6890,1
6891,1
6892,1
6893,1
6894,0
6895,1
6896,0
6897,0
6898,1
6899,0
6900,0
6901,0
6902,0
6903,0
6904,0
6905,1
6906,1
6907,1
6908,1
6909,1
6910,1
6911,0
6912,1
6913,1
6914,0
6915,1
6916,0
6917,1
6918,0
6919,0
6920,1
6921,1
6922,1
6923,1
6924,1
6925,1
6926,0
6927,0
6928,0
6929,0
6930,0
6931,1
6932,1
6933,1
6934,0
6935,1
6936,1
6937,1
6938,1
6939,1
6940,1
6941,1
6942,0
6943,0
6944,1
6945,1
6946,0
6947,0
6948,0
6949,0
6950,0
6951,1
6952,1
6953,1
6954,1
6955,0
6956,0
6957,0
6958,1
6959,0
6960,1
6961,1
6962,1
6963,1
6964,1
6965,1
6966,0
6967,1
6968,1
6969,0
6970,1
6971,1
6972,0
6973,1
6974,1
6975,1
6976,1
6977,0
6978,0
6979,1
6980,0
6981,1
6982,0
6983,0
6984,0
6985,1
6986,0
6987,0
6988,1
6989,0
6990,1
6991,0
6992,1
6993,1
6994,0
6995,1
6996,0
6997,1
6998,1
6999,0
7000,0
7001,1
7002,1
7003,1
7004,0
7005,1
7006,1
7007,0
7008,0
7009,1
7010,1
7011,1
7012,1
7013,1
7014,0
7015,0
7016,0
7017,0
7018,1
7019,0
7020,1
7021,0
7022,1
7023,1
7024,1
7025,0
7026,0
7027,0
7028,0
7029,1
7030,0
7031,1
7032,0
7033,1
7034,1
7035,1
7036,0
7037,1
7038,0
7039,0
7040,0
7041,1
7042,0
7043,0
7044,0
7045,0
7046,1
7047,1
7048,1
7049,1
7050,0
7051,1
7052,0
7053,1
7054,0
7055,0
7056,1
7057,0
7058,1
7059,1
7060,1
7061,1
7062,0
7063,1
7064,0
7065,1
7066,1
7067,0
7068,0
7069,1
7070,1
7071,1
7072,0
7073,1
7074,0
7075,1
7076,1
7077,0
7078,1
7079,1
7080,0
7081,0
7082,1
7083,1
7084,0
7085,1
7086,0
7087,1
7088,1
7089,1
7090,1
7091,1
7092,0
7093,1
7094,0
7095,0
7096,1
7097,1
7098,0
7099,0
7100,1
7101,0
7102,0
7103,0
7104,0
7105,1
7106,1
7107,0
7108,1
7109,1
7110,0
7111,0
7112,0
7113,0
7114,1
7115,1
7116,0
7117,1
7118,0
7119,1
7120,0
7121,0
7122,0
7123,1
7124,0
7125,1
7126,1
7127,0
7128,1
7129,0
7130,0
7131,0
7132,1
7133,0
7134,0
7135,0
7136,1
7137,0
7138,0
7139,1
7140,0
7141,1
7142,0
7143,0
7144,0
7145,1
7146,0
7147,0
7148,1
7149,1
7150,0
7151,0
7152,1
7153,1
7154,0
7155,0
7156,0
7157,0
7158,1
7159,1
7160,1
7161,0
7162,0
7163,1
7164,1
7165,1
7166,0
7167,0
7168,0
7169,0
7170,0
7171,1
7172,0
7173,0
7174,0
7175,1
7176,0
7177,0
7178,0
7179,1
7180,1
7181,1
7182,0
7183,1
7184,0
7185,0
7186,0
7187,1
7188,1
7189,1
7190,0
7191,1
7192,0
7193,0
7194,1
7195,0
7196,1
7197,0
7198,0
7199,1
7200,1
7201,0
7202,0
7203,0
7204,0
7205,0
7206,0
7207,1
7208,0
7209,0
7210,0
7211,1
7212,1
7213,0
7214,1
7215,1
7216,0
7217,0
7218,0
7219,0
7220,1
7221,1
7222,1
7223,1
7224,1
7225,1
7226,1
7227,1
7228,1
7229,0
7230,1
7231,0
7232,0
7233,0
7234,1
7235,1
7236,1
7237,0
7238,1
7239,0
7240,0
7241,1
7242,0
7243,1
7244,1
7245,1
7246,1
7247,0
7248,1
7249,0
7250,0
7251,0
7252,0
7253,1
7254,0
7255,1
7256,0
7257,0
7258,1
7259,1
7260,1
7261,0
7262,0
7263,1
7264,1
7265,0
7266,1
7267,0
7268,1
7269,1
7270,0
7271,1
7272,1
7273,0
7274,0
7275,0
7276,0
7277,1
7278,0
7279,0
7280,0
7281,0
7282,0
7283,1
7284,0
7285,1
7286,1
7287,0
7288,0
7289,1
7290,1
7291,1
7292,0
7293,0
7294,1
7295,1
7296,1
7297,0
7298,1
7299,1
7300,1
7301,0
7302,1
7303,0
7304,0
7305,1
7306,0
7307,1
7308,0
7309,0
7310,1
7311,0
7312,1
7313,1
7314,1
7315,1
7316,1
7317,1
7318,1
7319,0
7320,0
7321,1
7322,1
7323,1
7324,1
7325,0
7326,0
7327,0
7328,0
7329,1
7330,1
7331,0
7332,0
7333,0
7334,1
7335,1
7336,1
7337,0
7338,0
7339,1
7340,0
7341,0
7342,0
7343,1
7344,1
7345,0
7346,1
7347,1
7348,0
7349,0
7350,0
7351,1
7352,1
7353,1
7354,1
7355,0
7356,0
7357,0
7358,1
7359,1
7360,1
7361,0
7362,0
7363,1
7364,0
7365,0
7366,0
7367,0
7368,0
7369,1
7370,1
7371,1
7372,1
7373,0
7374,0
7375,1
7376,1
7377,1
7378,0
7379,0
7380,1
7381,0
7382,0
7383,1
7384,1
7385,0
7386,1
7387,0
7388,1
7389,0
7390,0
7391,0
7392,0
7393,0
7394,1
7395,0
7396,1
7397,0
7398,0
7399,0
7400,1
7401,0
7402,0
7403,1
7404,0
7405,0
7406,0
7407,0
7408,1
7409,0
7410,1
7411,0
7412,0
7413,0
7414,0
7415,0
7416,0
7417,0
7418,0
7419,1
7420,0
7421,1
7422,0
7423,0
7424,1
7425,1
7426,0
7427,1
7428,1
7429,1
7430,0
7431,1
7432,1
7433,0
7434,0
7435,1
7436,1
7437,1
7438,1
7439,0
7440,0
7441,1
7442,1
7443,1
7444,1
7445,0
7446,1
7447,0
7448,0
7449,0
7450,0
7451,1
7452,1
7453,0
7454,1
7455,0
7456,1
7457,0
7458,1
7459,0
7460,1
7461,1
7462,0
7463,1
7464,1
7465,0
7466,0
7467,1
7468,1
7469,0
7470,0
7471,1
7472,0
7473,1
7474,1
7475,1
7476,1
7477,1
7478,0
7479,0
7480,0
7481,1
7482,0
7483,0
7484,0
7485,0
7486,1
7487,1
7488,0
7489,1
7490,0
7491,1
7492,0
7493,0
7494,1
7495,1
7496,0
7497,0
7498,1
7499,0
7500,1
7501,1
7502,0
7503,0
7504,0
7505,0
7506,0
7507,0
7508,1
7509,1
7510,0
7511,0
7512,0
7513,1
7514,0
7515,1
7516,0
7517,1
7518,1
7519,0
7520,1
7521,1
7522,0
7523,1
7524,1
7525,1
7526,1
7527,0
7528,0
7529,1
7530,0
7531,1
7532,0
7533,1
7534,0
7535,0
7536,1
7537,0
7538,1
7539,0
7540,1
7541,0
7542,0
7543,1
7544,0
7545,1
7546,1
7547,1
7548,0
7549,0
7550,0
7551,0
7552,1
7553,0
7554,1
7555,0
7556,0
7557,0
7558,1
7559,0
7560,0
7561,0
7562,0
7563,1
7564,0
7565,1
7566,0
7567,0
7568,1
7569,0
7570,1
7571,1
7572,1
7573,0
7574,0
7575,1
7576,1
7577,0
7578,0
7579,0
7580,0
7581,1
7582,0
7583,1
7584,1
7585,1
7586,0
7587,0
7588,1
7589,1
7590,1
7591,1
7592,1
7593,1
7594,1
7595,1
7596,1
7597,0
7598,1
7599,1
7600,0
7601,0
7602,0
7603,1
7604,1
7605,1
7606,0
7607,1
7608,1
7609,0
7610,1
7611,0
7612,1
7613,1
7614,1
7615,1
7616,1
7617,0
7618,0
7619,0
7620,1
7621,0
7622,1
7623,1
7624,1
7625,1
7626,0
7627,0
7628,0
7629,0
7630,0
7631,0
7632,1
7633,1
7634,1
7635,0
7636,1
7637,0
7638,1
7639,1
7640,0
7641,1
7642,1
7643,1
7644,1
7645,1
7646,0
7647,0
7648,0
7649,0
7650,1
7651,1
7652,0
7653,0
7654,1
7655,0
7656,1
7657,0
7658,0
7659,0
7660,1
7661,0
7662,1
7663,0
7664,0
7665,1
7666,0
7667,1
7668,1
7669,1
7670,0
7671,0
7672,0
7673,1
7674,1
7675,1
7676,1
7677,1
7678,0
7679,0
7680,1
7681,0
7682,1
7683,0
7684,1
7685,1
7686,1
7687,1
7688,0
7689,0
7690,1
7691,1
7692,1
7693,1
7694,0
7695,0
7696,0
7697,1
7698,0
7699,1
7700,0
7701,1
7702,1
7703,1
7704,1
7705,0
7706,0
7707,0
7708,1
7709,0
7710,1
7711,1
7712,1
7713,1
7714,0
7715,1
7716,1
7717,1
7718,0
7719,1
7720,0
7721,1
7722,1
7723,0
7724,1
7725,1
7726,1
7727,0
7728,1
7729,1
7730,1
7731,0
7732,0
7733,0
7734,1
7735,0
7736,0
7737,1
7738,1
7739,1
7740,0
7741,1
7742,1
7743,0
7744,1
7745,1
7746,0
7747,1
7748,0
7749,1
7750,1
7751,0
7752,1
7753,1
7754,0
7755,1
7756,1
7757,0
7758,1
7759,0
7760,0
7761,1
7762,0
7763,1
7764,0
7765,0
7766,1
7767,1
7768,1
7769,1
7770,0
7771,1
7772,0
7773,0
7774,1
7775,0
7776,1
7777,0
7778,1
7779,1
7780,0
7781,0
7782,1
7783,0
7784,1
7785,1
7786,1
7787,1
7788,0
7789,0
7790,0
7791,1
7792,1
7793,1
7794,0
7795,1
7796,1
7797,0
7798,1
7799,1
7800,0
7801,1
7802,1
7803,0
7804,0
7805,1
7806,0
7807,1
7808,1
7809,1
7810,0
7811,1
7812,1
7813,0
7814,0
7815,0
7816,0
7817,1
7818,0
7819,0
7820,1
7821,0
7822,0
7823,1
7824,0
7825,0
7826,0
7827,0
7828,0
7829,0
7830,0
7831,1
7832,0
7833,1
7834,0
7835,1
7836,1
7837,1
7838,1
7839,0
7840,1
7841,1
7842,0
7843,1
7844,1
7845,0
7846,0
7847,1
7848,0
7849,1
7850,1
7851,0
7852,0
7853,0
7854,1
7855,0
7856,0
7857,1
7858,0
7859,1
7860,1
7861,0
7862,1
7863,0
7864,0
7865,0
7866,0
7867,1
7868,0
7869,0
7870,1
7871,0
7872,1
7873,1
7874,0
7875,0
7876,0
7877,1
7878,1
7879,0
7880,1
7881,1
7882,1
7883,1
7884,0
7885,0
7886,0
7887,1
7888,0
7889,1
7890,0
7891,0
7892,1
7893,1
7894,0
7895,1
7896,0
7897,0
7898,0
7899,1
7900,1
7901,1
7902,0
7903,0
7904,1
7905,0
7906,1
7907,0
7908,1
7909,1
7910,0
7911,0
7912,1
7913,1
7914,0
7915,1
7916,0
7917,0
7918,1
7919,0
7920,1
7921,1
7922,0
7923,1
7924,0
7925,0
7926,0
7927,1
7928,0
7929,0
7930,1
7931,1
7932,0
7933,0
7934,1
7935,0
7936,1
7937,0
7938,1
7939,1
7940,0
7941,1
7942,0
7943,1
7944,1
7945,1
7946,0
7947,1
7948,1
7949,1
7950,0
7951,0
7952,1
7953,0
7954,1
7955,1
7956,0
7957,0
7958,0
7959,1
7960,1
7961,1
7962,1
7963,0
7964,1
7965,1
7966,0
7967,1
7968,0
7969,0
7970,1
7971,1
7972,1
7973,1
7974,0
7975,0
7976,1
7977,0
7978,0
7979,0
7980,0
7981,1
7982,0
7983,0
7984,1
7985,0
7986,1
7987,1
7988,1
7989,1
7990,0
7991,0
7992,1
7993,1
7994,1
7995,1
7996,0
7997,1
7998,0
7999,1
8000,1
8001,1
8002,1
8003,0
8004,1
8005,0
8006,1
8007,1
8008,1
8009,0
8010,1
8011,1
8012,1
8013,0
8014,1
8015,1
8016,1
8017,0
8018,1
8019,0
8020,1
8021,1
8022,1
8023,1
8024,0
8025,1
8026,1
8027,0
8028,0
8029,1
8030,0
8031,0
8032,1
8033,1
8034,1
8035,0
8036,0
8037,1
8038,1
8039,1
8040,1
8041,1
8042,0
8043,1
8044,1
8045,1
8046,0
8047,1
8048,1
8049,0
8050,1
8051,0
8052,0
8053,1
8054,0
8055,1
8056,0
8057,1
8058,0
8059,0
8060,0
8061,1
8062,0
8063,0
8064,0
8065,0
8066,1
8067,1
8068,1
8069,1
8070,1
8071,1
8072,0
8073,0
8074,1
8075,1
8076,1
8077,1
8078,1
8079,1
8080,0
8081,0
8082,1
8083,1
8084,1
8085,1
8086,1
8087,0
8088,1
8089,1
8090,0
8091,1
8092,0
8093,1
8094,0
8095,0
8096,1
8097,0
8098,1
8099,0
8100,0
8101,0
8102,0
8103,0
8104,1
8105,0
8106,0
8107,1
8108,0
8109,0
8110,0
8111,1
8112,1
8113,0
8114,0
8115,1
8116,1
8117,1
8118,1
8119,1
8120,0
8121,0
8122,1
8123,0
8124,1
8125,1
8126,1
8127,0
8128,0
8129,1
8130,0
8131,1
8132,1
8133,0
8134,1
8135,1
8136,1
8137,1
8138,1
8139,1
8140,0
8141,1
8142,0
8143,1
8144,1
8145,1
8146,1
8147,1
8148,1
8149,1
8150,1
8151,1
8152,0
8153,1
8154,1
8155,0
8156,0
8157,0
8158,0
8159,0
8160,1
8161,1
8162,0
8163,1
8164,1
8165,1
8166,1
8167,0
8168,0
8169,0
8170,1
8171,1
8172,1
8173,1
8174,0
8175,1
8176,1
8177,0
8178,1
8179,1
8180,1
8181,0
8182,1
8183,1
8184,1
8185,1
8186,1
8187,1
8188,0
8189,0
8190,0
8191,1
8192,0
8193,0
8194,0
8195,0
8196,0
8197,1
8198,0
8199,0
8200,1
8201,0
8202,0
8203,1
8204,0
8205,1
8206,0
8207,0
8208,0
8209,1
8210,0
8211,1
8212,0
8213,1
8214,0
8215,0
8216,0
8217,1
8218,0
8219,0
8220,1
8221,0
8222,1
8223,1
8224,1
8225,0
8226,0
8227,1
8228,0
8229,0
8230,0
8231,0
8232,1
8233,1
8234,1
8235,1
8236,1
8237,1
8238,1
8239,0
8240,1
8241,1
8242,1
8243,0
8244,1
8245,0
8246,1
8247,0
8248,0
8249,0
8250,0
8251,0
8252,1
8253,1
8254,1
8255,0
8256,1
8257,0
8258,1
8259,0
8260,1
8261,1
8262,0
8263,0
8264,1
8265,1
8266,0
8267,1
8268,0
8269,1
8270,1
8271,0
8272,0
8273,1
8274,0
8275,0
8276,1
8277,0
8278,0
8279,0
8280,1
8281,0
8282,0
8283,0
8284,1
8285,1
8286,0
8287,1
8288,0
8289,1
8290,0
8291,1
8292,1
8293,1
8294,0
8295,1
8296,0
8297,1
8298,1
8299,1
8300,0
8301,0
8302,0
8303,1
8304,0
8305,1
8306,1
8307,0
8308,0
8309,0
8310,0
8311,1
8312,0
8313,0
8314,1
8315,1
8316,1
8317,0
8318,0
8319,0
8320,0
8321,1
8322,0
8323,0
8324,1
8325,0
8326,1
8327,0
8328,1
8329,1
8330,1
8331,1
8332,0
8333,1
8334,0
8335,1
8336,1
8337,0
8338,0
8339,0
8340,0
8341,0
8342,0
8343,0
8344,1
8345,0
8346,0
8347,1
8348,0
8349,1
8350,1
8351,0
8352,0
8353,1
8354,1
8355,0
8356,0
8357,0
8358,1
8359,1
8360,0
8361,1
8362,0
8363,1
8364,0
8365,1
8366,0
8367,1
8368,1
8369,1
8370,1
8371,1
8372,1
8373,1
8374,1
8375,0
8376,1
8377,1
8378,0
8379,0
8380,0
8381,0
8382,1
8383,1
8384,0
8385,1
8386,1
8387,0
8388,1
8389,0
8390,1
8391,1
8392,0
8393,0
8394,0
8395,0
8396,0
8397,1
8398,0
8399,0
8400,1
8401,0
8402,0
8403,0
8404,0
8405,0
8406,1
8407,0
8408,1
8409,0
8410,1
8411,0
8412,0
8413,0
8414,1
8415,0
8416,0
8417,0
8418,1
8419,1
8420,0
8421,1
8422,1
8423,1
8424,0
8425,0
8426,0
8427,1
8428,1
8429,0
8430,1
8431,0
8432,0
8433,1
8434,0
8435,1
8436,1
8437,0
8438,0
8439,0
8440,0
8441,1
8442,0
8443,1
8444,0
8445,1
8446,1
8447,1
8448,0
8449,1
8450,0
8451,1
8452,1
8453,0
8454,1
8455,1
8456,0
8457,0
8458,0
8459,1
8460,1
8461,1
8462,1
8463,0
8464,0
8465,1
8466,0
8467,0
8468,0
8469,0
8470,0
8471,0
8472,0
8473,1
8474,1
8475,1
8476,0
8477,1
8478,1
8479,0
8480,1
8481,1
8482,0
8483,0
8484,0
8485,0
8486,1
8487,0
8488,0
8489,0
8490,0
8491,0
8492,1
8493,0
8494,0
8495,1
8496,0
8497,0
8498,0
8499,0
8500,1
8501,0
8502,0
8503,1
8504,1
8505,0
8506,0
8507,1
8508,0
8509,0
8510,1
8511,0
8512,1
8513,1
8514,0
8515,1
8516,0
8517,0
8518,0
8519,0
8520,0
8521,1
8522,0
8523,0
8524,0
8525,1
8526,0
8527,0
8528,0
8529,0
8530,1
8531,1
8532,1
8533,1
8534,0
8535,0
8536,0
8537,0
8538,0
8539,1
8540,0
8541,0
8542,1
8543,0
8544,1
8545,0
8546,1
8547,0
8548,0
8549,0
8550,0
8551,1
8552,0
8553,0
8554,1
8555,1
8556,1
8557,0
8558,0
8559,1
8560,1
8561,0
8562,1
8563,1
8564,0
8565,0
8566,1
8567,0
8568,1
8569,1
8570,1
8571,0
8572,1
8573,0
8574,0
8575,0
8576,1
8577,0
8578,1
8579,0
8580,1
8581,0
8582,0
8583,1
8584,1
8585,1
8586,1
8587,1
8588,1
8589,0
8590,1
8591,0
8592,0
8593,1
8594,0
8595,1
8596,1
8597,1
8598,1
8599,0
8600,0
8601,0
8602,1
8603,0
8604,1
8605,0
8606,0
8607,1
8608,1
8609,1
8610,1
8611,0
8612,0
8613,0
8614,0
8615,0
8616,1
8617,1
8618,1
8619,1
8620,1
8621,0
8622,1
8623,1
8624,0
8625,1
8626,1
8627,1
8628,1
8629,0
8630,0
8631,1
8632,0
8633,0
8634,0
8635,1
8636,1
8637,0
8638,1
8639,0
8640,0
8641,1
8642,0
8643,1
8644,0
8645,1
8646,0
8647,1
8648,0
8649,0
8650,0
8651,0
8652,0
8653,1
8654,0
8655,0
8656,0
8657,1
8658,1
8659,1
8660,1
8661,1
8662,0
8663,1
8664,1
8665,1
8666,0
8667,0
8668,0
8669,0
8670,0
8671,1
8672,1
8673,1
8674,0
8675,1
8676,1
8677,0
8678,1
8679,0
8680,0
8681,0
8682,1
8683,0
8684,0
8685,0
8686,1
8687,0
8688,0
8689,1
8690,0
8691,1
8692,0
8693,0
8694,0
8695,0
8696,1
8697,1
8698,1
8699,1
8700,0
8701,0
8702,0
8703,0
8704,1
8705,1
8706,1
8707,0
8708,0
8709,0
8710,1
8711,1
8712,0
8713,0
8714,1
8715,0
8716,1
8717,1
8718,1
8719,0
8720,1
8721,1
8722,0
8723,1
8724,0
8725,1
8726,0
8727,0
8728,1
8729,0
8730,1
8731,1
8732,0
8733,1
8734,1
8735,0
8736,0
8737,1
8738,1
8739,1
8740,1
8741,0
8742,1
8743,0
8744,1
8745,1
8746,0
8747,1
8748,1
8749,1
8750,1
8751,1
8752,0
8753,1
8754,0
8755,1
8756,1
8757,1
8758,0
8759,1
8760,1
8761,1
8762,1
8763,1
8764,0
8765,0
8766,1
8767,1
8768,0
8769,1
8770,1
8771,1
8772,1
8773,1
8774,1
8775,1
8776,0
8777,0
8778,1
8779,1
8780,0
8781,0
8782,1
8783,1
8784,0
8785,1
8786,1
8787,1
8788,1
8789,0
8790,0
8791,1
8792,1
8793,0
8794,1
8795,1
8796,0
8797,1
8798,0
8799,1
8800,1
8801,0
8802,0
8803,1
8804,0
8805,0
8806,1
8807,0
8808,0
8809,0
8810,1
8811,1
8812,0
8813,0
8814,1
8815,0
8816,1
8817,1
8818,0
8819,0
8820,1
8821,1
8822,0
8823,1
8824,1
8825,1
8826,1
8827,0
8828,0
8829,1
8830,1
8831,0
8832,0
8833,0
8834,1
8835,1
8836,1
8837,1
8838,0
8839,1
8840,1
8841,1
8842,1
8843,0
8844,0
8845,1
8846,0
8847,0
8848,1
8849,1
8850,0
8851,0
8852,1
8853,0
8854,0
8855,1
8856,0
8857,1
8858,0
8859,0
8860,0
8861,0
8862,1
8863,1
8864,1
8865,1
8866,1
8867,0
8868,0
8869,0
8870,1
8871,1
8872,0
8873,1
8874,1
8875,0
8876,1
8877,0
8878,1
8879,0
8880,0
8881,1
8882,0
8883,1
8884,0
8885,0
8886,0
8887,0
8888,1
8889,0
8890,0
8891,0
8892,1
8893,1
8894,1
8895,1
8896,1
8897,0
8898,0
8899,0
8900,1
8901,0
8902,0
8903,1
8904,0
8905,0
8906,0
8907,1
8908,0
8909,0
8910,1
8911,0
8912,0
8913,0
8914,0
8915,1
8916,1
8917,1
8918,0
8919,0
8920,0
8921,0
8922,0
8923,1
8924,1
8925,1
8926,0
8927,0
8928,1
8929,0
8930,0
8931,1
8932,1
8933,0
8934,1
8935,0
8936,0
8937,0
8938,0
8939,1
8940,0
8941,0
8942,1
8943,1
8944,0
8945,0
8946,0
8947,0
8948,0
8949,1
8950,0
8951,0
8952,0
8953,1
8954,1
8955,0
8956,0
8957,0
8958,1
8959,1
8960,0
8961,0
8962,0
8963,0
8964,0
8965,1
8966,0
8967,1
8968,1
8969,1
8970,0
8971,0
8972,0
8973,1
8974,1
8975,0
8976,1
8977,0
8978,1
8979,1
8980,1
8981,1
8982,1
8983,0
8984,0
8985,0
8986,1
8987,0
8988,0
8989,1
8990,0
8991,0
8992,0
8993,0
8994,1
8995,1
8996,0
8997,1
8998,1
8999,0
9000,1
